1 867 -0.907612257425638
1 868 -1.15025452244477
2 869 -1.04175308787346
3 131 -0.807188566819484
3 870 -0.903683514810819
3 871 -0.903683514810819
4 5 0.276733663427643
4 38 -0.859339964030266
4 101 -1.03370734126611
4 872 -1.09164339621772
5 90 -0.391671089820666
5 115 -0.391671089820666
6 7 -1.00534386009612
6 14 -0.978582340879486
6 18 -1.03781792115475
6 39 -0.864270252349643
6 873 -0.978582340879486
6 874 -0.792620211344031
6 141 -1.09675693569724
6 292 -1.0898727051826
6 875 -1.09044077502597
6 876 -1.02070301690311
6 877 -1.02070301690311
6 878 -1.12451587304938
6 879 -1.07909068875576
6 636 -1.12451587304938
6 670 -1.09044077502597
6 880 -1.09044077502597
7 13 -0.774578023323204
7 44 -1.01483209946649
7 881 -1.15127695218983
7 138 -1.0078104829053
7 164 -0.788440410650596
7 174 -0.840130419682968
7 424 -1.0078104829053
7 502 -1.05141900150982
7 882 -1.0078104829053
7 883 -1.0078104829053
7 884 -1.0078104829053
7 885 -1.0078104829053
7 886 -1.0078104829053
7 887 -0.788440410650596
7 888 -1.0078104829053
7 800 -1.0078104829053
7 804 -1.0078104829053
7 808 -1.0078104829053
7 889 -1.0078104829053
7 890 -1.0078104829053
7 815 -1.0078104829053
7 891 -1.0078104829053
8 9 -0.789987018398291
8 26 -1.15025452244477
8 33 0.0579752523052157
8 188 -0.718016711762693
8 248 -0.96157952530908
8 394 -1.12431203774508
8 416 -1.15025452244477
8 429 -1.15025452244477
8 892 -0.841897364229052
8 893 -1.10634475248782
8 894 -0.718016711762693
8 895 -1.13749991784611
8 896 -1.15025452244477
8 668 -0.718016711762693
8 897 -0.718016711762693
8 898 -1.15025452244477
8 899 -0.718016711762693
9 51 -1.10203487553412
9 153 0.738776284325801
9 900 -0.613740355833592
9 901 -1.15117461121689
9 902 -0.556533363136693
9 903 -0.556533363136693
9 606 -1.1388052965868
10 60 -0.85087783771683
10 98 -1.08715618395642
11 49 -1.05498459242693
11 52 -0.373392556491752
11 904 -1.10839980973825
11 905 -1.05498459242693
11 906 -0.80322148196659
11 907 -1.14885364620038
11 267 -0.690474212701423
11 329 -1.04167708189147
11 608 -0.997073162096626
11 908 -0.80322148196659
12 909 -0.623344276114932
12 215 -1.13040339392722
12 910 -1.13156674165183
13 45 -0.613740355833592
13 911 -0.933291428835052
13 175 -0.862445726773439
13 912 -0.990436605815706
13 913 -0.85813628815557
13 914 -1.09615046261939
13 349 -0.917254421672718
13 915 -1.09615046261939
13 916 0.417823430206912
13 544 -0.840130419682968
13 917 -0.990436605815706
13 688 -0.862445726773439
13 918 -0.85813628815557
14 25 -0.32974487293947
14 39 -0.85656892886579
14 873 -0.848520650083933
14 92 -1.01598660076896
14 919 -1.15117461121689
15 26 -0.849033375118118
15 34 -0.838643674891775
15 107 -1.06774399901507
15 920 -1.0942912501403
15 196 0.208762628529664
15 921 -0.554788641788392
15 922 -1.06792323180679
15 923 -0.973591250016678
15 924 -1.05764037021348
15 500 -0.805873119527428
15 925 -1.06774399901507
15 926 -1.06792323180679
16 413 0.737747649949908
17 138 -0.82626613215848
18 56 -1.13936064430874
18 162 -0.659145624781077
18 283 -0.790709923776323
18 443 -0.659145624781077
18 927 -0.741243273023311
18 468 -0.659145624781077
18 928 -0.821237583192346
19 51 0.514515930695897
19 72 -1.14158830319294
19 121 -1.09316895160825
20 247 -0.861850902164544
20 929 -1.00566551332177
21 930 -1.15025452244477
22 931 -1.14377759979597
23 932 -1.06161346417675
23 933 -1.07851736663189
23 934 -1.08464137292032
24 94 -1.08997176335692
24 875 -1.09044077502597
24 935 0.639237166077784
24 670 -1.09044077502597
24 880 -1.09044077502597
25 87 -1.14431088740744
25 936 -1.06382745264883
25 914 -1.01743888339502
25 937 -1.09615046261939
25 938 -1.09615046261939
25 939 -1.01234269644831
25 940 0.872483549943478
25 941 -0.765370945648313
25 942 -0.98043259049832
25 943 -0.309855881480149
26 944 -0.353554523043264
26 248 -0.849033375118118
26 301 -0.361014277041208
26 922 -1.15025452244477
26 416 -1.14658961581677
26 429 0.476661344051332
26 945 -0.780834695108403
26 946 -1.05189506014347
26 947 -0.789056993922638
26 734 0.476661344051332
26 948 0.476661344051332
26 949 0.476661344051332
26 950 0.476661344051332
26 951 0.476661344051332
26 952 0.476661344051332
26 953 0.476661344051332
26 954 0.476661344051332
26 955 0.476661344051332
26 956 0.476661344051332
26 957 0.476661344051332
26 958 0.476661344051332
26 959 0.476661344051332
26 960 0.476661344051332
26 767 0.476661344051332
26 961 0.476661344051332
26 962 0.476661344051332
26 963 0.476661344051332
26 964 0.476661344051332
26 965 0.476661344051332
26 966 -0.957304200099774
27 906 -0.946329213145438
27 967 -0.85087783771683
28 968 -0.571359832898247
28 969 -0.678477758788823
29 123 -1.11994068688244
29 145 -1.0607119190034
29 218 -1.0607119190034
29 301 -0.361014277041208
29 937 -1.09615046261939
29 443 -1.08479730448896
29 970 -1.0607119190034
29 971 -1.0607119190034
29 630 -1.08479730448896
29 972 -1.08479730448896
29 735 -1.07493337327852
29 776 -1.09932403175941
30 969 -0.678477758788823
31 133 -0.243572495302144
32 40 1.5547921243652
32 47 1.5547921243652
32 161 5.80171305520833
32 921 -0.554788641788392
32 973 -1.13878422453625
32 974 -0.957017868437752
32 940 -1.09156455987538
32 975 -1.07851736663189
33 100 -1.06382745264883
33 173 0.0579752523052157
33 901 -1.12451587304938
33 425 -1.08928766644214
33 463 -0.759287562971182
34 56 -1.11286686419323
34 976 -1.11286686419323
34 258 -0.978713214067643
34 296 -1.06932628059636
34 977 -1.11286686419323
34 978 -1.04113982102352
34 447 -0.991158546688223
34 979 -0.955029055184416
34 980 -0.838643674891775
34 981 -1.11286686419323
34 694 -1.04113982102352
35 982 -0.983934154175144
36 983 -1.01834916528051
36 879 -1.07909068875576
36 606 -1.1388052965868
36 984 -1.01791160390719
36 786 -0.996109638080118
36 787 -0.996109638080118
36 788 -0.996109638080118
37 95 -0.613740355833592
37 985 -0.48889128087726
37 986 -1.01486356352945
38 90 -0.965186610496195
38 324 -0.32974487293947
38 434 -1.1282381306941
38 987 -0.927327478466121
39 240 -0.92772887025988
40 77 -1.05240994215562
40 912 -0.990436605815706
40 320 -0.789987018398291
40 988 -0.789987018398291
41 989 -0.32974487293947
41 990 -0.346778651367447
42 97 -0.32974487293947
42 991 -0.426435378412109
42 992 -0.937533913434928
43 323 -0.32974487293947
43 354 -1.13076893651677
43 993 -1.05189902316949
44 138 -0.82626613215848
44 146 -1.09016549176915
44 332 -1.05141900150982
45 107 -1.06774399901507
45 994 -0.48889128087726
45 995 -0.964325369065546
45 569 -1.1042839476615
45 925 -1.06774399901507
46 52 -1.11486945676378
46 54 -0.373392556491752
46 69 -1.1449767763002
46 143 -0.791930866219064
46 144 -1.01791160390719
46 173 0.0579752523052157
46 996 -0.890665328742996
46 997 0.396337394544227
47 208 -1.11683674460833
48 998 -0.957304200099774
49 54 -1.05498459242693
49 207 -0.997073162096626
50 999 -1.11544968855383
50 1000 -1.13637808877814
51 334 -1.12206000124831
52 60 -0.890262438420798
52 1001 -1.06882747581307
52 504 -0.970089466380405
53 65 -0.327629481372025
53 67 -0.902643049213741
53 1002 -1.02220405842084
53 249 -1.059967884933
53 251 -1.06536203239453
53 340 -1.059967884933
53 1003 -1.09659241515943
54 267 -0.774630372009642
54 1004 -0.703917196655471
55 1005 -0.825888004309772
55 337 -0.733724729777498
56 232 -1.07085399665166
56 248 1.06738279366539
56 292 -1.05120305927865
56 922 -1.06792323180679
56 1006 -0.99690807955497
56 1007 -0.955952789331128
56 947 -0.789056993922638
56 704 -1.10185971634817
56 1008 -1.10185971634817
57 881 -1.08102280247196
57 1009 -0.858798527012185
57 1010 -1.07851736663189
57 975 -1.07851736663189
57 933 -1.07851736663189
57 1011 -0.613740355833592
58 1012 -0.774578023323204
58 252 -0.706812305503725
58 284 -0.750453478856737
58 1013 -1.01483209946649
58 474 -0.788440410650596
58 1014 -0.742349253285207
58 1015 -0.742349253285207
58 1016 -1.15127695218983
59 83 -0.838643674891775
59 123 -0.805873119527428
59 188 -0.818505735757324
59 1017 -0.965186610496195
59 197 -0.805873119527428
59 1018 -0.818505735757324
59 894 -1.07267313975918
59 899 -0.718016711762693
60 1019 -0.928635643097083
60 1020 -0.253089022573971
61 1021 1.10956338626301
61 1022 1.10956338626301
62 162 -0.659145624781077
62 972 -1.08479730448896
63 164 -0.804338110925402
63 174 -0.840130419682968
63 1023 -1.0467484061679
63 1024 -0.700282103591804
63 1025 -0.792620211344031
64 1026 -0.959384726350589
64 237 -0.856123684537412
64 1027 -1.08866766357339
64 1028 -0.989968162622454
64 526 -0.886045684587428
65 69 -0.708349752417869
65 1029 -0.243572495302144
65 996 -0.633907414199051
65 198 -0.633907414199051
65 1004 -0.633907414199051
65 478 -1.07161563311527
66 91 -1.01618202196455
66 224 -1.06552419244935
66 1030 -0.917381786907843
66 249 -1.059967884933
66 915 -1.09615046261939
67 193 -0.920407178822373
67 225 -0.48889128087726
67 1031 -0.376666679904156
67 412 -0.376666679904156
67 1032 -0.997073162096626
68 70 -0.436626949299036
68 113 -1.03207244288926
68 150 -1.02220405842084
68 1033 -1.01791160390719
69 120 -1.01791160390719
69 125 -1.13487907408417
69 996 -0.633907414199051
69 995 -0.964325369065546
70 463 -0.759287562971182
71 1034 -1.08464137292032
71 547 -1.0229645220129
71 548 -1.0229645220129
71 552 -1.0229645220129
71 560 -1.0229645220129
71 934 -1.08464137292032
72 873 -0.450828609859263
72 1023 -1.0467484061679
72 877 -1.02070301690311
72 940 -1.09156455987538
72 941 -1.05073913467451
72 943 -1.05073913467451
73 122 -0.995757523060976
73 1035 -1.0643115513443
74 906 -0.80322148196659
74 967 -0.623326647659429
74 207 -0.997073162096626
74 1036 -0.997073162096626
74 350 -0.80322148196659
74 1037 -0.997073162096626
74 1038 -0.690474212701423
74 442 0.2495111210433
74 1039 -0.997073162096626
74 573 -0.80322148196659
74 1040 -0.997073162096626
74 1041 -0.997073162096626
74 1032 -0.997073162096626
74 608 -0.997073162096626
74 1042 -0.997073162096626
74 1043 -0.80322148196659
74 1044 -0.997073162096626
74 1045 -0.997073162096626
74 1046 -0.80322148196659
75 141 -0.996006714036959
75 1047 -0.72835936622672
76 124 -0.0685271142823018
76 1048 0.013585385197507
76 1049 -1.03880229417316
76 199 0.013585385197507
76 1050 -1.061340709316
76 1051 -1.01484775354372
76 1052 -1.07164465674693
77 156 -1.10676504974445
77 234 -1.04731272480073
77 445 -1.03009297761881
78 1009 -0.858798527012185
78 180 -1.07418610615843
78 1053 -0.861337256116523
78 1054 -0.858798527012185
78 1055 -1.0329613516773
79 281 -0.722110230323576
79 836 -0.706812305503725
80 322 -1.02662966233899
80 330 -1.10773780602435
80 1036 -0.997073162096626
80 1056 -1.02662966233899
80 504 -1.02662966233899
81 175 -0.856210088009588
81 233 -0.946329213145438
81 247 -0.721091120935442
81 1057 -0.21345530921647
81 1058 -1.1454078406733
81 1059 -1.0451536550987
81 1060 -1.0451536550987
82 105 -0.995757523060976
82 787 -0.996109638080118
83 188 0.338286743908916
83 1017 -0.605308292471461
83 197 -0.457757977340673
84 913 -0.85813628815557
84 1061 -0.651883708011515
84 1062 -0.85813628815557
85 101 -0.968512369006833
85 115 0.630881004820477
85 223 0.630881004820477
86 317 -0.825007111658168
86 1063 -1.03276153099441
86 895 -1.10513788948439
87 480 -1.01115436294111
88 200 0.351227939287762
88 1064 0.630881004820477
89 130 3.06677724214252
89 979 -0.955029055184416
89 1065 -0.979418656512259
89 1066 -0.321155368763573
89 793 -0.82626613215848
90 976 -1.11286686419323
90 977 -1.11286686419323
91 95 1.29914340408274
91 118 1.29914340408274
91 189 -1.01618202196455
91 245 -0.386001000653869
91 249 -0.25612284191461
91 361 1.29914340408274
91 1067 1.29914340408274
91 1068 0.820764767885219
91 691 1.29914340408274
92 153 -1.01714432991169
92 190 -1.01714432991169
93 143 -0.373392556491752
93 1069 -0.87340631657237
93 1070 -0.87340631657237
93 1041 -0.997073162096626
94 1071 -1.09144649679991
95 111 -1.02908193667557
95 172 1.29914340408274
95 193 0.0223122076799616
95 245 0.0223122076799616
95 293 1.29914340408274
95 1031 -0.376666679904156
95 1072 -1.13846519779632
95 412 -0.376666679904156
95 447 0.820764767885219
95 1067 -0.25612284191461
95 1068 -0.25612284191461
95 1073 -0.25612284191461
95 1074 -0.25612284191461
95 740 -0.0884234749913737
95 1075 -1.02908193667557
95 1076 -1.02908193667557
96 193 0.0223122076799616
96 1031 0.0223122076799616
96 1077 -0.386001000653869
96 1078 -0.386001000653869
97 1079 -1.02358336270903
98 1080 -0.842273880752618
98 109 -0.935523863903379
98 1081 -0.935523863903379
99 135 -1.08997176335692
99 1082 -1.00870247959011
100 936 -1.06382745264883
101 872 -1.05302918523861
101 512 -0.968512369006833
102 119 -0.625807865279658
103 1083 -0.933291428835052
104 1084 -0.690474212701423
104 1085 -1.13637808877814
105 1086 -1.01991719556868
106 319 -1.08158944326118
106 1087 -0.428645370009946
106 398 -1.10693319508074
106 431 -1.10693319508074
106 1088 -1.09388221571459
106 615 -1.10693319508074
106 1089 -1.10693319508074
106 1090 -1.11021955603306
106 1091 0.497542651684084
106 777 -0.590756211001438
107 1092 -0.459607096634548
108 170 -0.43545708394575
108 172 -0.991158546688223
108 340 -1.059967884933
108 1093 -1.01734158830343
108 539 -1.01734158830343
108 557 -1.01618202196455
109 1094 -0.48889128087726
109 1081 -0.65197005732681
109 571 -0.65197005732681
109 658 -0.65197005732681
109 1095 -0.65197005732681
109 1096 -1.10275110669204
110 1097 -1.14058536301268
111 158 -0.553988560661823
111 222 1.29526238605182
111 329 -0.927392904825362
111 442 0.2495111210433
111 1098 0.639543710303941
112 125 -0.253089022573971
112 240 -0.741406783598247
112 1099 -1.14177672978543
112 1100 -0.932650690454151
113 120 -0.955783733662761
113 169 -0.797143800284877
114 1101 -1.00566551332177
115 1102 -1.14879986453555
115 637 -0.391671089820666
116 1103 -0.999333577431643
117 266 -1.07927430264495
117 1104 -1.07927430264495
117 822 -1.07927430264495
118 194 6.15025090004216
118 287 -1.11277704761977
118 1105 -0.652792546739866
118 1106 -0.971523919138599
118 671 -1.05552951594259
118 1107 -0.953742046190489
118 1108 -0.953742046190489
118 1109 -0.953742046190489
118 1110 -0.953742046190489
118 1111 -0.953742046190489
118 1112 -0.953742046190489
119 332 -1.05141900150982
119 502 -1.05141900150982
119 586 -1.05141900150982
119 641 -1.05141900150982
119 645 -1.05141900150982
119 647 -0.69779409322117
119 649 -1.05141900150982
119 653 -1.05141900150982
119 655 -0.82626613215848
119 1113 -0.69779409322117
119 848 -1.12750791545555
119 855 -1.12750791545555
120 152 -0.916625494810879
121 165 -1.08102280247196
122 786 -0.996109638080118
123 197 -0.457757977340673
123 668 -0.718016711762693
124 1114 -1.14655702394247
125 1099 -1.14177672978543
126 1115 0.630881004820477
126 179 -0.86326524217744
126 1116 0.630881004820477
127 209 0.182027601974999
127 1117 -0.554788641788392
127 1118 -1.15025452244477
128 1119 -0.774630372009642
129 1120 -1.10203487553412
130 655 -1.05141900150982
130 1121 -1.04809655750622
131 155 -0.903683514810819
131 217 -0.903683514810819
132 326 -1.08352812146502
132 1122 0.630881004820477
132 746 2.23192301572675
133 1123 -0.877227668032015
134 945 -1.05189506014347
135 225 -0.613740355833592
136 1124 -0.690474212701423
137 1102 0.630881004820477
137 179 -0.917456249331402
137 1125 0.630881004820477
138 244 -0.45904341510554
138 308 -1.11793829990528
138 1126 -0.804338110925402
139 142 -1.08835735179324
139 1127 -1.08191055834141
140 189 -0.900615540796453
140 330 -1.10773780602435
140 1003 -1.09659241515943
141 247 -1.09037660541465
141 481 -0.72835936622672
141 1128 -1.01404632999329
141 1129 -1.01404632999329
141 553 -0.805505228679814
141 567 -0.805505228679814
141 1130 -0.805505228679814
141 1131 -0.805505228679814
141 681 -0.805505228679814
141 682 -0.805505228679814
141 1132 -0.593061449157299
142 494 -1.02265980799909
143 1005 -1.01388218715473
144 198 -0.633907414199051
144 1033 -1.1449767763002
145 201 -1.0607119190034
145 218 -1.01431845642448
145 1133 -0.975597917370199
145 598 -1.0607119190034
145 1134 -0.953742046190489
146 252 -0.706812305503725
146 1135 -1.00583754659253
147 1136 -1.021071821807
148 166 -1.10365220220124
148 1137 -0.992510854727523
149 921 0.276733663427643
149 1138 -0.462359172328617
150 973 -1.13878422453625
150 1139 2.23192301572675
150 1140 -1.13878422453625
151 1030 -1.00530531167833
152 1084 -0.774630372009642
153 190 -1.01714432991169
154 1084 -1.0118617348782
155 870 -0.807188566819484
156 259 -0.995753593972702
156 294 -1.10332952184497
156 438 -1.04731272480073
157 1141 -1.09967321346024
157 1065 -0.979418656512259
158 1142 0.639543710303941
159 1143 -1.10203487553412
160 337 -1.08570077707859
160 1144 -1.08570077707859
161 940 0.872483549943478
161 1145 -0.651818096328417
162 1146 -1.12451587304938
162 443 -1.08479730448896
162 468 -0.687362046510873
163 173 -0.373392556491752
163 1147 -0.798624365805864
164 1148 -0.45904341510554
165 1149 -0.613740355833592
165 1054 -0.858798527012185
165 1150 -0.554788641788392
166 936 -1.06382745264883
167 1151 -1.05396367235556
168 1152 -0.789056993922638
169 1001 -0.877106648165782
170 1153 -0.90609025262748
170 1154 -1.02107533146672
170 1142 -1.02107533146672
171 327 -1.12146475363844
172 189 -1.01618202196455
172 245 -0.386001000653869
172 1155 -0.72512005707
172 447 -0.991158546688223
172 1073 1.29914340408274
172 1074 0.820764767885219
173 175 -0.862445726773439
174 191 -0.987360369893891
174 1135 -1.14103998476344
174 1156 -0.997827083832845
175 929 -0.858188307961183
176 179 -0.917456249331402
177 1072 -1.00366632611557
178 202 -0.298108752773292
178 263 -1.02569828796583
178 411 -1.11326155079291
179 1157 0.630881004820477
180 580 -0.758222989900685
181 183 -1.13090595271904
182 242 -1.07927430264495
183 1158 -1.13348764829132
184 1159 -0.822666318989582
184 1160 -0.85586245824418
184 356 -0.851568149013805
185 250 -0.32974487293947
185 1161 -1.02401315389336
186 1162 -0.975597917370199
187 210 -1.04453274292582
187 1163 -0.652792546739866
187 1164 -0.321155368763573
188 1018 -0.818505735757324
188 1165 -0.718016711762693
189 245 0.639543710303941
189 251 -0.625807865279658
189 515 -1.10854411428704
190 206 3.11794263960237
191 310 -1.03569434573255
192 1166 -1.09604421260118
193 245 0.0223122076799616
194 227 -0.471350110323987
194 243 -1.01690428332924
194 1167 -0.676728601959856
195 1168 -0.868316125431542
196 289 -1.13308233995948
197 1169 -1.06447618164425
198 1033 -0.890665328742996
199 260 -0.76919865259602
199 1051 -1.01484775354372
199 1170 -1.01087181544465
200 1064 -0.412395730575728
201 290 -0.916700682446278
201 971 -1.0607119190034
201 600 -0.953742046190489
201 1171 -0.953742046190489
201 1172 -0.935523863903379
202 1173 -1.09634612467966
202 1174 -1.09634612467966
202 1175 -1.00005975555142
203 1176 -1.01486356352945
204 909 -0.806871032662765
204 658 -0.935523863903379
205 1177 -0.927574135638448
206 1178 0.514515930695897
207 1037 -0.997073162096626
208 1179 -1.11683674460833
209 617 -1.05120305927865
210 1180 -0.652792546739866
211 888 -1.0078104829053
212 1154 -1.02107533146672
213 232 0.182027601974999
213 1181 -1.13113393334658
214 1182 -0.935523863903379
215 1183 -1.13040339392722
216 918 -0.85813628815557
217 871 -0.807188566819484
218 290 -1.0607119190034
218 1184 -0.975597917370199
218 1185 -0.953742046190489
218 599 -1.0607119190034
218 1186 -0.935523863903379
219 1145 -0.651818096328417
219 722 -1.07927430264495
220 1187 -1.08997176335692
220 1188 -1.01486356352945
220 945 -0.780834695108403
220 1189 -0.690474212701423
221 622 -1.07927430264495
221 1190 -1.11544968855383
222 1030 1.29526238605182
222 1191 -0.553988560661823
223 1125 -1.14879986453555
224 1192 -1.14402104412862
225 1004 -0.633907414199051
226 1189 -0.690474212701423
227 243 -0.881302811958016
227 1193 -0.274054920378959
228 1194 1.28978851545018
228 1195 -0.571359832898247
229 1196 -0.996006714036959
229 1197 -0.593061449157299
230 1198 -0.975597917370199
231 1199 -1.01486356352945
231 1200 -0.847172798674128
232 1201 -1.05120305927865
233 1202 -0.784560845021731
233 1203 0.396916067677692
234 1204 -1.04731272480073
235 1205 -0.114428240951547
235 1140 -0.640025950422275
236 1094 -0.74235704334201
237 1206 -1.03351221374644
238 253 -0.861850902164544
238 1207 -0.721091120935442
239 483 -0.722110230323576
240 1099 -1.09701949002851
241 468 -0.659145624781077
241 1208 -1.03598634301964
241 1209 -1.13921767892827
242 1210 -0.613740355833592
243 1211 -0.274054920378959
244 1212 -0.928864786575526
245 1031 0.0223122076799616
245 412 0.0223122076799616
245 540 -0.793121815918622
246 1176 -0.847172798674128
247 517 -0.861850902164544
248 394 1.06738279366539
249 1067 -0.25612284191461
249 1068 -0.25612284191461
249 1213 -1.12410507465257
250 788 -0.996109638080118
251 1031 -1.09428498599304
252 334 -0.774093245438256
253 1197 -1.09037660541465
254 1214 -0.784560845021731
254 1215 -0.934512918145493
254 1216 -1.14514464153614
255 391 -1.12208075095302
256 1217 -0.690474212701423
257 1218 -0.373392556491752
258 1219 -1.06932628059636
259 1011 -0.995753593972702
260 305 -0.693105566502931
261 1220 -1.06552419244935
262 1221 -0.975597917370199
263 1222 -0.935523863903379
263 1223 -0.953742046190489
263 1224 -0.953742046190489
263 1225 -0.953742046190489
264 627 -1.07927430264495
265 993 -1.05189902316949
266 622 -1.07927430264495
266 1104 -1.11544968855383
267 1226 -0.373392556491752
267 1040 -0.997073162096626
268 1227 -0.613740355833592
269 1228 -0.613740355833592
270 663 -0.433654687181882
270 1229 -1.04125455617639
271 753 -0.953742046190489
271 754 -0.953742046190489
272 313 -0.790241984977695
273 1230 -1.02265980799909
274 1154 0.639543710303941
274 979 -1.10873121409415
274 1075 -0.553988560661823
275 1231 -0.994451593253393
276 1232 -0.855349656429366
277 326 -0.846526964605802
278 485 -0.790241984977695
279 1233 -1.12397978700554
280 1234 -0.243572495302144
280 698 -0.85813628815557
280 699 -0.85813628815557
281 1148 -0.928864786575526
281 1235 -0.928864786575526
282 313 -0.925179234074103
283 1236 -0.790709923776323
284 1237 -0.928864786575526
285 1238 -1.09634612467966
286 1239 -0.868316125431542
287 415 -1.14075495457842
287 416 -1.14658961581677
288 1240 -0.412395730575728
289 300 -1.07080658674652
290 582 -0.953742046190489
290 970 -1.0607119190034
290 602 -0.953742046190489
290 1241 -0.935523863903379
291 508 -1.14402104412862
292 1242 -0.792620211344031
293 1213 1.29914340408274
294 1011 -1.01486356352945
295 1243 -1.00535777401772
296 1100 -0.983164494430259
297 1237 -1.10499662524558
298 1244 -0.601642201151225
299 1245 -1.10012947809504
300 304 -1.150367869032
301 1246 -1.14237288038103
302 475 -0.936393238139904
303 1023 -1.1351129504679
304 1247 -1.08224018906614
305 385 -1.13998288409465
306 1248 -0.825007111658168
307 910 -1.11074505933654
307 1247 -1.15181620000813
308 1249 -0.928864786575526
309 1250 -0.890665328742996
310 1050 -1.11366356162047
311 1251 0.000116901848600956
312 470 -0.21345530921647
312 567 -0.21345530921647
312 1252 -1.04971404724792
312 680 -0.21345530921647
312 1101 -1.05752690655718
313 1007 -0.895544110777472
314 1253 -1.10368858284222
315 1254 -0.613740355833592
316 1010 -1.07851736663189
317 518 -1.10513788948439
318 1255 -0.847172798674128
318 1256 -1.11544968855383
319 328 -1.13128039784845
319 1257 -0.428645370009946
320 893 -1.10634475248782
321 1218 -0.890262438420798
322 1258 -0.776015413666778
323 1259 -1.02358336270903
324 776 -1.09932403175941
325 1260 -0.878378562139255
326 1122 -0.412395730575728
327 1261 -1.10499662524558
328 501 -1.01792424499418
328 1262 -0.709436972683887
328 1263 -0.428645370009946
329 350 -0.731778440873915
330 347 -1.05021529808803
330 349 -0.883120604579998
330 531 -0.776015413666778
331 348 -1.10384666500618
331 1264 -1.09701949002851
331 1265 -1.09701949002851
331 733 -0.854315186952406
331 739 -0.854315186952406
331 1266 -1.09701949002851
331 1267 -1.09701949002851
332 1268 -1.05141900150982
332 642 -1.05141900150982
332 1269 -1.05141900150982
332 1270 -1.05141900150982
332 650 -1.05141900150982
332 1271 -1.05141900150982
332 1272 -1.05141900150982
332 1273 -0.82626613215848
332 1274 -1.12750791545555
332 1275 -1.12750791545555
333 420 -0.90881381305019
333 525 -0.946817659169026
334 1016 -1.15127695218983
335 980 -0.838643674891775
336 345 -1.04398531595527
336 1056 -0.964981474613468
337 1144 -1.08570077707859
338 1276 -0.953742046190489
339 1277 -1.03362949633282
340 1073 -0.25612284191461
340 539 -1.12410507465257
340 1074 -0.25612284191461
341 1278 -0.915244367821839
341 942 -0.98043259049832
342 1279 -1.13382057252201
343 1280 -1.09616560451053
344 1281 -1.04398531595527
344 1282 -0.964981474613468
344 1283 -1.13735450256646
345 1281 -1.07407405287075
345 348 -1.02067651073064
345 540 -0.793121815918622
345 1284 -1.02067651073064
346 1285 -0.681202103844541
347 540 -0.954299394732306
347 1286 -0.776015413666778
348 1287 -1.13735450256646
348 1284 -1.02067651073064
349 515 -0.917254421672718
350 553 -0.325217302095305
350 1039 -0.997073162096626
350 1288 -1.13263919545599
350 680 -0.21345530921647
351 1289 -0.590756211001438
351 611 -0.590756211001438
352 1290 -0.756347798736569
353 878 -1.12451587304938
354 1291 -1.13076893651677
355 1292 -0.881302811958016
356 1293 -1.14830938679973
357 1294 -1.15091830590989
357 683 -0.953742046190489
357 1295 -0.953742046190489
357 1296 -0.935523863903379
357 1297 -0.935523863903379
358 1298 -0.867994806053004
359 583 -0.853456195671306
359 1299 -0.789056993922638
360 1300 -1.02352108391972
360 523 -1.00544099084053
360 1301 -1.00544099084053
361 1302 -0.652792546739866
361 1303 -1.05552951594259
361 1304 -0.953742046190489
361 1305 -0.953742046190489
362 1306 -0.953742046190489
363 1307 -0.433654687181882
363 1308 -1.04125455617639
364 974 -0.957017868437752
365 480 -1.01115436294111
366 939 -1.01234269644831
367 1006 -0.99690807955497
368 425 -1.08928766644214
369 892 -0.841897364229052
370 923 -0.973591250016678
371 1055 -1.0329613516773
372 1161 -1.02401315389336
373 1035 -1.0643115513443
374 932 -1.06161346417675
375 434 -1.1282381306941
375 1309 -1.1282381306941
376 992 -0.937533913434928
377 1063 -1.03276153099441
378 978 -1.04113982102352
379 1092 -0.459607096634548
380 990 -0.346778651367447
381 1086 -1.01991719556868
382 1310 0.870452686034714
383 1311 -1.01486356352945
383 1312 -1.10676504974445
384 1313 -0.964742698364943
385 1314 -0.428645370009946
385 1315 -0.506338914228184
386 775 0.630881004820477
387 728 -0.428645370009946
388 824 -0.871047628023508
389 1316 -1.05409688980342
390 1317 -0.428645370009946
391 1015 -0.742349253285207
392 1318 -0.939628522463107
392 1319 -1.09629910771716
393 467 -0.321155368763573
394 1320 1.06738279366539
395 1321 -0.925179234074103
396 736 -0.506338914228184
397 1322 -0.321155368763573
398 616 -1.10693319508074
399 1323 -1.13348764829132
400 1324 -1.11614261207819
401 433 -0.672791193724202
402 1325 -1.15117461121689
403 1326 -1.11380970817931
403 430 -1.00786868499427
404 1327 -1.03772095572683
405 1328 -0.652792546739866
406 1280 -1.10203487553412
407 473 -0.433654687181882
407 1329 -1.04125455617639
407 1330 -1.01233130414573
408 1331 -1.0685183541973
409 1033 -1.12306627141121
409 1332 -0.703917196655471
410 1333 0.574335870455133
411 1334 -1.12831660029662
411 1335 -1.12831660029662
412 1336 -1.09428498599304
413 1337 -1.07620144466515
414 1338 -0.709436972683887
415 1339 -1.01233130414573
416 1340 -1.15025452244477
417 877 -1.1351129504679
418 1016 -0.613740355833592
419 935 0.639237166077784
420 619 -0.232557886246996
420 620 -0.976982836255655
421 1341 -0.989968162622454
422 840 -0.856405418009487
423 1342 -0.445884177744966
423 1343 -0.445884177744966
423 1344 -0.445884177744966
423 1345 -0.445884177744966
424 1346 -0.45904341510554
425 1347 -0.984520072882481
426 1348 -1.03009297761881
427 935 0.639237166077784
428 1349 -0.930493533474465
429 926 -1.15025452244477
430 561 -0.925815461229326
430 1350 -0.623734862366427
430 1351 -0.623734862366427
431 1352 -1.10693319508074
431 616 -1.10693319508074
432 541 -0.777709791853545
432 1353 -0.917456249331402
432 824 -0.871047628023508
433 1354 -0.232557886246996
434 1355 -1.07319593076914
435 896 -1.15025452244477
436 605 -1.12208075095302
437 1062 -0.85813628815557
438 1204 -1.04731272480073
439 1356 -0.613740355833592
440 1357 -1.01131289964537
441 1358 -0.321155368763573
442 1359 -1.05600168256518
442 1045 -0.997073162096626
442 1131 -0.805505228679814
443 972 -0.659145624781077
444 927 -0.741243273023311
445 1360 -1.07927430264495
446 1361 -1.01486356352945
446 1362 -1.01486356352945
447 1363 0.820764767885219
448 1364 -1.10742162638464
448 1121 -1.04809655750622
449 1365 -1.12495190839801
450 1366 -0.613740355833592
451 1367 -0.977364859899247
451 1278 -0.915244367821839
452 1368 -1.06552419244935
453 946 -1.05189506014347
454 462 -0.750453478856737
455 467 -1.01186406556536
456 1360 -0.613740355833592
457 1369 -1.03207244288926
458 684 -1.13637808877814
459 1370 -1.03351221374644
460 1371 -0.927327478466121
460 1372 -0.873007147623398
461 1373 -0.652792546739866
462 1135 -1.00583754659253
462 1374 -0.928864786575526
462 891 -1.0078104829053
463 500 -0.805873119527428
464 478 -1.11483398977916
465 1375 -0.386001000653869
465 1376 -0.386001000653869
465 1377 0.639543710303941
466 1378 -0.975597917370199
467 590 -0.928864786575526
468 1379 -1.12451587304938
469 1380 -0.652792546739866
470 1039 -0.21345530921647
470 1252 -0.118894884562558
471 1016 -1.08102280247196
472 1381 -1.13978640378975
473 1329 -1.12443035434548
474 1382 -0.45904341510554
475 1382 -0.928864786575526
475 1383 -0.722110230323576
476 1384 -0.92772887025988
477 508 -1.12261922004494
478 1385 -1.11483398977916
479 1386 -0.805873119527428
479 556 -0.309855881480149
480 1387 -0.984520072882481
481 1047 -0.996006714036959
482 557 -0.386001000653869
483 673 -0.928864786575526
484 1008 -1.10185971634817
485 1007 -0.955952789331128
486 982 -0.983934154175144
487 1388 -1.04414978632882
488 633 -0.90609025262748
489 1389 -0.783883190357422
490 1390 -1.04350291544218
491 1391 -0.477644916018742
492 1392 -1.0783328148679
493 1393 -0.917456249331402
494 1394 -1.02265980799909
494 569 -1.1042839476615
495 1044 -0.997073162096626
496 1395 -1.08001731728875
497 1396 0.574335870455133
498 1255 -1.01486356352945
498 1397 -1.11544968855383
499 916 -0.386001000653869
500 521 -0.805873119527428
501 609 -0.428645370009946
502 1268 -1.05141900150982
503 1093 -1.01734158830343
504 1282 -0.645010828051498
505 1058 -1.1454078406733
506 545 -0.974105851952209
507 1398 -1.00411708776886
508 618 -1.14402104412862
509 1007 -0.790241984977695
510 1399 -0.965186610496195
511 1400 -1.06192171456979
512 533 -1.01742748262707
513 1401 -0.272287588094838
514 535 -1.05141900150982
514 641 -1.05141900150982
515 1402 -1.10854411428704
516 1403 -1.10742162638464
517 1132 -1.09037660541465
518 1404 -1.13749991784611
519 916 0.417823430206912
519 1376 1.29914340408274
520 1405 -0.935523863903379
521 1386 -1.1351529986647
522 1406 -1.03883951030923
522 1407 -0.988351978309695
523 550 -1.00544099084053
523 1408 -1.03370734126611
524 1409 -0.978754979250415
525 1410 -0.946817659169026
526 530 -0.949390402015678
527 1411 -0.946329213145438
528 1412 -1.0738631179395
528 1170 -1.11660256175443
529 563 -0.709436972683887
529 564 -0.709436972683887
530 665 -1.11559763593913
531 1286 -0.645010828051498
531 1413 -1.08505441838353
532 1414 -0.590756211001438
533 1415 -1.10749103037325
534 1416 -0.878378562139255
535 1268 -1.05141900150982
536 1270 -1.05141900150982
536 648 -1.05141900150982
537 1269 -1.05141900150982
537 646 -1.05141900150982
538 1272 -1.05141900150982
538 654 -1.05141900150982
539 557 1.29914340408274
539 1417 -1.01734158830343
540 672 -0.772843039173223
540 1418 -0.969552982403928
541 1419 -0.871047628023508
541 1420 -1.10326515001682
541 825 -1.0128311173265
542 1421 -1.12809768532662
543 1193 -0.417982345966774
544 815 -0.840130419682968
545 1422 -1.10673802531449
545 943 -1.05073913467451
546 1423 -1.13026946202182
547 1424 -1.0229645220129
548 1425 -1.0229645220129
549 1271 -1.05141900150982
549 652 -1.05141900150982
550 1301 -1.00544099084053
551 1426 -0.445884177744966
552 1427 -1.0229645220129
553 567 -0.21345530921647
554 671 -0.45538081548821
555 1428 -0.577850613648598
555 1429 1.00971098238684
556 943 -0.309855881480149
557 1430 -1.01618202196455
558 1431 -1.03409904757591
558 1432 0.396916067677692
559 1433 -0.845682749378011
560 1434 -1.0229645220129
561 1435 -1.04455791280511
562 1436 -0.45538081548821
563 1437 -0.709436972683887
564 1437 -0.709436972683887
565 1438 -1.13381689379373
566 1439 -0.983363817954351
567 573 -0.80322148196659
567 680 -0.325217302095305
568 1440 -1.06369572134409
569 1441 -1.1042839476615
570 1442 -1.13381689379373
571 1443 -0.65197005732681
572 1444 -0.928661964842243
573 1130 -0.577850613648598
573 1046 -0.325217302095305
574 1445 -1.0165079487435
574 1446 -0.934512918145493
575 1447 -1.12261854200013
576 714 -0.953742046190489
577 1448 -0.978754979250415
578 1315 -1.03786222059806
578 1449 -0.709436972683887
578 1450 -0.428645370009946
579 1262 -1.01792424499418
580 664 -1.07927430264495
581 1352 -1.10693319508074
582 1171 -0.916700682446278
582 1451 -0.935523863903379
583 695 -1.09615993977415
584 1452 -1.13348764829132
585 1453 -1.06594643115961
586 1454 -1.05141900150982
586 1271 -1.05141900150982
587 1455 -0.849017805185515
588 882 -0.45904341510554
588 1066 -0.928864786575526
589 883 -0.45904341510554
589 1358 -0.928864786575526
590 884 -0.45904341510554
591 885 -0.45904341510554
591 1456 -0.928864786575526
592 886 -0.45904341510554
592 1322 -0.928864786575526
593 887 -0.45904341510554
593 1457 -0.928864786575526
594 1457 -0.321155368763573
595 1456 -0.321155368763573
596 1458 -1.01186406556536
597 1459 -0.916700682446278
598 971 -1.0607119190034
599 970 -1.0607119190034
600 601 -1.11544968855383
601 1460 -0.935523863903379
602 603 -1.11544968855383
603 1461 -0.935523863903379
604 1309 -1.1282381306941
604 1462 -0.859339964030266
604 638 -0.965186610496195
605 1014 -0.742349253285207
606 1463 -1.1388052965868
607 908 -0.80322148196659
608 1042 -0.997073162096626
609 1263 -1.01792424499418
610 1414 -0.590756211001438
610 1464 -0.590756211001438
611 1465 -0.590756211001438
612 613 -0.45904341510554
613 1014 -0.45904341510554
614 1466 -0.45904341510554
614 1015 -0.45904341510554
615 616 -1.10693319508074
616 1089 -1.10693319508074
617 1467 -0.848520650083933
618 1468 -1.14402104412862
619 620 -0.232557886246996
620 1469 -0.232557886246996
621 622 -1.06552419244935
621 1470 -1.11544968855383
622 624 -0.847172798674128
623 1471 -1.14952377612051
624 1472 -1.11544968855383
625 1256 -0.847172798674128
625 1397 -1.07927430264495
626 1472 -0.847172798674128
626 1104 -1.07927430264495
626 1190 -1.07927430264495
627 1473 -0.613740355833592
628 1474 -1.07927430264495
629 1475 -1.07927430264495
630 1476 -1.08479730448896
631 1477 -1.08835735179324
632 898 -1.15025452244477
633 1077 -0.386001000653869
634 1078 -0.386001000653869
634 1478 -1.00530531167833
635 1479 -0.678477758788823
635 1480 -0.678477758788823
636 1481 -1.15025452244477
636 639 -1.12451587304938
637 638 -0.391671089820666
638 981 -1.11286686419323
639 1482 -0.789056993922638
640 917 -0.990436605815706
640 926 -1.06792323180679
641 642 -1.05141900150982
642 643 -1.05141900150982
643 644 -1.05141900150982
644 645 -1.05141900150982
645 1269 -1.05141900150982
646 647 -1.05141900150982
647 1270 -1.05141900150982
647 795 -0.69779409322117
647 1113 -0.975917568451489
648 649 -1.05141900150982
649 650 -1.05141900150982
650 651 -1.05141900150982
651 1454 -1.05141900150982
652 653 -1.05141900150982
653 1272 -1.05141900150982
654 655 -1.05141900150982
655 1273 -0.82626613215848
656 1483 -1.08224018906614
657 1484 -1.14058536301268
658 1485 -0.65197005732681
659 1486 -1.11916179283113
660 1487 -1.13348764829132
661 1488 -1.11916179283113
662 1489 -1.13348764829132
663 1229 -1.12443035434548
664 1490 -0.847172798674128
665 1491 -1.13538909236612
666 1492 -1.0229645220129
667 1493 -0.989967901475241
667 1494 -0.990097265775172
668 897 -0.718016711762693
669 1404 -1.13749991784611
670 1404 -1.05120305927865
671 752 -0.953742046190489
671 757 -0.953742046190489
672 1286 -1.08100848409311
673 674 -1.10499662524558
674 1016 -0.45904341510554
675 1495 -0.983164494430259
676 1496 -0.48889128087726
677 1142 -1.02107533146672
678 679 -1.11366307068398
679 1497 -1.14816944305388
680 1046 -0.80322148196659
681 682 -0.805505228679814
682 1497 -0.577850613648598
683 1498 -0.935523863903379
684 753 -1.03086350186502
684 754 -1.03086350186502
685 1499 -1.12443035434548
686 1492 -1.0229645220129
687 832 -1.04350291544218
688 1500 -0.862445726773439
689 1059 -0.981960113083162
690 1501 -1.07869259196224
691 1502 -0.652792546739866
692 1503 -0.652792546739866
693 1504 -0.652792546739866
694 1505 -1.04113982102352
694 1506 -1.09169395882865
695 1506 -1.09615993977415
696 1507 -1.08988951113462
697 1508 -1.14058536301268
698 699 -0.953742046190489
698 1509 -0.85813628815557
699 1510 -0.85813628815557
700 702 -1.06552419244935
701 1511 -1.06552419244935
702 1512 -0.613740355833592
703 1511 -0.613740355833592
704 1513 -1.10185971634817
705 1514 -0.613740355833592
705 710 -0.953742046190489
706 1515 -0.953742046190489
706 1516 -0.953742046190489
706 963 0.476661344051332
707 830 -0.953742046190489
707 1517 -0.953742046190489
707 846 -0.953742046190489
707 1518 -0.953742046190489
708 1519 -0.953742046190489
709 720 -1.06552419244935
709 1520 -0.847172798674128
710 1521 -0.953742046190489
710 1522 -0.953742046190489
711 1523 -1.021071821807
712 1524 -0.953742046190489
712 1525 -0.953742046190489
713 1526 -0.445884177744966
714 1527 -0.878378562139255
715 1423 -1.10332952184497
716 1528 -1.13091967320587
717 1529 -1.021071821807
718 1530 -0.917456249331402
719 747 -0.953742046190489
720 1531 -0.935523863903379
721 1532 -0.953742046190489
721 761 -0.953742046190489
721 762 -0.953742046190489
722 1533 -0.953742046190489
722 822 -0.953742046190489
722 1534 -1.07927430264495
723 1535 -0.847172798674128
723 948 0.476661344051332
723 1536 -1.06552419244935
724 826 -0.777709791853545
725 828 1.10956338626301
725 1537 -0.992510854727523
726 776 -1.09932403175941
727 1538 -1.06552419244935
728 1539 -1.08158944326118
729 1540 -0.45904341510554
730 1541 -0.437078331508929
731 965 0.476661344051332
732 1095 -0.65197005732681
733 1542 -0.854315186952406
734 846 0.476661344051332
735 1543 -1.07493337327852
736 1544 -1.03786222059806
737 1544 -1.01792424499418
737 779 -0.709436972683887
738 781 -0.709436972683887
739 1542 -0.854315186952406
740 1545 -0.0884234749913737
741 1546 -0.928864786575526
742 1546 -0.928864786575526
743 1076 -0.553988560661823
744 1547 -1.01791160390719
745 1548 -0.445884177744966
746 1549 2.23192301572675
747 1550 -0.917456249331402
747 810 -0.953742046190489
747 1551 -1.021071821807
748 755 -0.953742046190489
748 756 -0.953742046190489
749 1552 -1.06552419244935
750 1346 -0.928864786575526
751 1553 -0.953742046190489
752 1554 -0.953742046190489
753 949 0.476661344051332
754 950 0.476661344051332
754 951 0.476661344051332
755 1555 -1.03086350186502
755 954 0.476661344051332
755 955 0.476661344051332
756 952 0.476661344051332
756 953 0.476661344051332
757 1556 -0.953742046190489
758 1557 -0.876631508500239
759 1558 -1.03086350186502
759 956 0.476661344051332
760 1559 -1.03086350186502
760 957 0.476661344051332
761 763 -1.03086350186502
762 958 0.476661344051332
763 1560 -0.953742046190489
763 959 0.476661344051332
764 962 0.476661344051332
765 960 0.476661344051332
766 961 0.476661344051332
767 962 0.476661344051332
768 964 0.476661344051332
769 1561 -1.02569828796583
770 1562 -1.04350291544218
771 1563 -1.04350291544218
772 1564 -0.928661964842243
773 1565 -1.06077076874142
774 1566 -0.733896730023476
775 1567 0.630881004820477
776 1415 -0.715270233461092
777 1568 -0.590756211001438
778 1569 -0.849017805185515
779 1570 -1.13128039784845
779 780 -1.13128039784845
780 1317 -1.08158944326118
781 1539 -1.13128039784845
782 1571 -0.975597917370199
783 1572 -0.975597917370199
784 1573 -1.13936064430874
785 1574 -1.10203487553412
785 1575 -0.996109638080118
785 1576 -0.996109638080118
785 1577 -0.996109638080118
785 1463 -1.1388052965868
786 1575 -0.996109638080118
787 1576 -0.996109638080118
788 1577 -0.996109638080118
789 1578 -1.03086350186502
790 1579 -1.09384694335732
791 1580 -1.09384694335732
792 890 -1.0078104829053
793 794 -1.11793829990528
794 1164 -1.10375642367544
795 796 -0.975917568451489
795 1581 -0.69779409322117
796 1113 -0.69779409322117
796 1581 -0.69779409322117
796 1582 -1.10203487553412
797 798 -1.09384694335732
798 799 -0.928864786575526
799 800 -0.45904341510554
800 801 -1.0078104829053
801 802 -1.09384694335732
802 803 -0.928864786575526
803 804 -0.45904341510554
804 805 -1.0078104829053
805 806 -1.09384694335732
806 807 -0.928864786575526
807 808 -0.45904341510554
808 1583 -1.0078104829053
809 1584 -0.917456249331402
810 1585 -0.917456249331402
811 889 -0.928864786575526
812 890 -0.928864786575526
813 1586 -1.021071821807
814 1587 -0.953742046190489
814 1588 -0.953742046190489
814 845 -0.881302811958016
815 1589 -1.0078104829053
816 817 -0.928864786575526
817 891 -0.45904341510554
818 1590 -0.953742046190489
819 820 -1.06552419244935
820 1591 -0.847172798674128
821 1592 -1.06552419244935
822 823 -0.953742046190489
822 1534 -1.07927430264495
823 1534 -1.07927430264495
824 1419 -0.777709791853545
825 826 -1.07158484607101
826 1593 -0.871047628023508
827 1594 -0.868316125431542
828 1537 -1.03241848854867
829 1595 -0.774085923099528
830 1596 -0.953742046190489
831 1597 -1.04350291544218
832 1597 -0.590756211001438
833 1598 -0.849017805185515
834 1599 -1.13348764829132
835 1600 -1.11916179283113
836 1601 -0.774093245438256
837 1602 -0.445884177744966
838 1603 -0.445884177744966
839 1604 -0.445884177744966
840 841 -0.856405418009487
841 1605 -0.856405418009487
842 843 -0.953742046190489
842 847 -0.953742046190489
843 844 -1.03086350186502
844 1606 -0.953742046190489
845 1607 -0.953742046190489
845 1608 -0.953742046190489
845 1609 -0.935523863903379
845 1610 -0.935523863903379
846 1611 -1.03086350186502
847 1612 -1.03086350186502
848 1274 -1.12750791545555
849 1060 -0.981960113083162
850 1613 -1.11916179283113
851 852 -1.11333701051729
852 1614 -0.892608174081134
853 1615 -1.13415243032646
854 1170 -1.01087181544465
855 1275 -1.12750791545555
856 1096 -1.10275110669204
857 1616 -1.13926592667629
858 1617 -1.11439410676888
859 860 -0.6637657910708
859 861 -1.03730760398383
859 1618 -0.969822188893835
860 1619 -1.09086782571839
861 1620 -1.03730760398383
862 1621 -0.722110230323576
863 1619 -1.07152447984748
864 1622 -0.846069983367998
865 866 -0.882752909239314
865 1623 -0.882752909239314
866 1623 -0.882752909239314
