1 -2.15640338523911
2 -2.15640338523911
3 -2.15640338523911
4 0.271892396575038
5 -2.15640338523911
6 0.211958669511358
7 -2.15640338523911
8 1.95921868874764
9 1.93349666982391
10 2.38314651197245
11 -0.186630379020003
12 -2.15640338523911
13 -0.128104217705761
14 -2.15640338523911
15 -0.110117178719229
16 -2.15640338523911
17 -2.15640338523911
18 0.697881222544259
19 -0.166019979184617
20 0.187782404562182
21 -2.15640338523911
22 -2.15640338523911
23 -0.228240533297046
24 -0.404710327588435
25 2.55257600286292
26 -0.0338231599336972
27 2.38314651197245
28 -0.230674762845859
29 -2.15640338523911
30 -2.15640338523911
31 -0.369283144016495
32 0.138700352657075
33 -2.15640338523911
34 -0.144289561954768
35 -2.15640338523911
36 -2.15640338523911
37 -2.15640338523911
38 -2.15640338523911
39 4.0463791112009
40 0.379941766286675
41 0.0896414776409243
42 -0.159724764145717
43 0.0100764392875444
44 -2.15640338523911
45 -2.15640338523911
46 0.476210957974252
47 -0.423709142512774
48 -2.15640338523911
49 -0.429599261270367
50 -0.360568517854562
51 -0.367487883898687
52 0.476210957974252
53 -2.15640338523911
54 -2.15640338523911
55 -2.15640338523911
56 -0.407723195252439
57 0.697881222544259
58 -2.15640338523911
59 -2.15640338523911
60 0.476210957974252
61 -2.15640338523911
62 -2.15640338523911
63 -0.145348525212553
64 -0.268804453809229
65 2.50939481850167
66 -2.15640338523911
67 -2.15640338523911
68 0.207524544837131
69 -2.15640338523911
70 -2.15640338523911
71 -2.15640338523911
72 -0.313538026791731
73 -0.27992497418418
74 -2.15640338523911
75 -0.409530175996054
76 -2.15640338523911
77 -2.15640338523911
78 -0.14676078884701
79 -0.423709142512774
80 -0.186630379020003
81 0.476210957974252
82 -0.402000732282224
83 -2.15640338523911
84 -2.15640338523911
85 -0.386538811137625
86 -0.359885666337134
87 -0.364288902531325
88 -2.15640338523911
89 -2.15640338523911
90 -2.15640338523911
91 -0.14676078884701
92 1.69098507360207
93 -0.186630379020003
94 -0.32286839208558
95 -2.15640338523911
96 -0.348615122795048
97 -0.132230830951579
98 -0.0710745644366959
99 -0.410517591095141
100 -2.15640338523911
101 1.21446018804364
102 -2.15640338523911
103 -0.313479208477881
104 -2.15640338523911
105 -0.26014647622463
106 -0.402954241560484
107 -0.128104217705761
108 -0.348615122795048
109 -2.15640338523911
110 -2.15640338523911
111 -0.339513900200248
112 -2.15640338523911
113 -2.15640338523911
114 0.187782404562182
115 -0.38390359308262
116 1.95921868874764
117 -2.15640338523911
118 -0.38580820611611
119 -2.15640338523911
120 0.207524544837131
121 -0.145348525212553
122 -0.42419556698454
123 -2.15640338523911
124 -2.15640338523911
125 2.13873578658196
126 -0.368303649586949
127 -0.247521041627895
128 -2.15640338523911
129 -2.15640338523911
130 -0.333510471900192
131 -0.0697917036246813
132 -2.15640338523911
133 -0.267341654369673
134 0.435093530439956
135 -0.350394396504012
136 -2.15640338523911
137 -2.15640338523911
138 -2.15640338523911
139 -0.128104217705761
140 -2.15640338523911
141 -2.15640338523911
142 -2.15640338523911
143 0.476210957974252
144 -0.175351705052631
145 -2.15640338523911
146 -2.15640338523911
147 -2.15640338523911
148 -2.15640338523911
149 -2.15640338523911
150 0.347720994081322
151 -2.15640338523911
152 -2.15640338523911
153 1.69098507360207
154 -2.15640338523911
155 -0.13793882104801
156 -2.15640338523911
157 -2.15640338523911
158 -2.15640338523911
159 -0.44552268866097
160 -2.15640338523911
161 -2.15640338523911
162 -2.15640338523911
163 -0.426314419981733
164 -2.15640338523911
165 1.93349666982391
166 -2.15640338523911
167 -2.15640338523911
168 -2.15640338523911
169 2.59705893545557
170 3.04266361341849
171 -0.145348525212553
172 0.179298917013069
173 -0.450446993039873
174 -2.15640338523911
175 -2.15640338523911
176 3.99296551567791
177 -2.15640338523911
178 -2.15640338523911
179 4.36651463005411
180 -2.15640338523911
181 -0.391108418883021
182 -2.15640338523911
183 -0.313479208477881
184 -2.15640338523911
185 -0.27992497418418
186 -2.15640338523911
187 -2.15640338523911
188 -2.15640338523911
189 -0.427215326007777
190 2.07159192905682
191 -2.15640338523911
192 -2.15640338523911
193 -2.15640338523911
194 -0.348822497669405
195 -2.15640338523911
196 -2.15640338523911
197 -2.15640338523911
198 -2.15640338523911
199 -0.434782300774713
200 -2.15640338523911
201 -2.15640338523911
202 -2.15640338523911
203 -2.15640338523911
204 -2.15640338523911
205 -2.15640338523911
206 7.58589999581525
207 -2.15640338523911
208 -2.15640338523911
209 -2.15640338523911
210 -2.15640338523911
211 -2.15640338523911
212 -2.15640338523911
213 0.9043549953583
214 -0.10479661260423
215 -2.15640338523911
216 -0.360568517854562
217 -2.15640338523911
218 -0.28662433865698
219 -2.15640338523911
220 -0.37955669710811
221 -0.13793882104801
222 -0.410517591095141
223 -0.355812609647556
224 -2.15640338523911
225 -2.15640338523911
226 -2.15640338523911
227 -0.348822497669405
228 -2.15640338523911
229 -2.15640338523911
230 -2.15640338523911
231 -0.324014345938224
232 -2.15640338523911
233 -0.369734427897298
234 -2.15640338523911
235 -2.15640338523911
236 -2.15640338523911
237 -2.15640338523911
238 -2.15640338523911
239 -0.423709142512774
240 -0.368115479557829
241 -2.15640338523911
242 -0.272906440831616
243 -2.15640338523911
244 -2.15640338523911
245 -2.15640338523911
246 -2.15640338523911
247 0.476210957974252
248 -0.202398772319211
249 1.37748681250687
250 -2.15640338523911
251 -2.15640338523911
252 -0.367487883898687
253 -2.15640338523911
254 -2.15640338523911
255 -2.15640338523911
256 -2.15640338523911
257 -2.15640338523911
258 -0.144289561954768
259 0.223288775804023
260 -2.15640338523911
261 -2.15640338523911
262 -0.320799417921062
263 -2.15640338523911
264 -2.15640338523911
265 -2.15640338523911
266 -2.15640338523911
267 -0.436798827518311
268 -2.15640338523911
269 -2.15640338523911
270 -2.15640338523911
271 -2.15640338523911
272 -2.15640338523911
273 -2.15640338523911
274 -2.15640338523911
275 -0.158980693496864
276 -2.15640338523911
277 -2.15640338523911
278 -0.158980693496864
279 -2.15640338523911
280 -0.154869545173398
281 -2.15640338523911
282 -0.434847050942533
283 -2.15640338523911
284 -2.15640338523911
285 -2.15640338523911
286 -2.15640338523911
287 -0.450823716850104
288 -2.15640338523911
289 -2.15640338523911
290 -2.15640338523911
291 -0.216862146949577
292 -2.15640338523911
293 -2.15640338523911
294 -2.15640338523911
295 -2.15640338523911
296 -0.311543145776686
297 0.435093530439956
298 -2.15640338523911
299 -2.15640338523911
300 -2.15640338523911
301 -2.15640338523911
302 -2.15640338523911
303 -2.15640338523911
304 -2.15640338523911
305 -0.430152015912424
306 -2.15640338523911
307 -2.15640338523911
308 -2.15640338523911
309 0.476210957974252
310 -2.15640338523911
311 -2.15640338523911
312 -2.15640338523911
313 -0.359215973496801
314 -2.15640338523911
315 -2.15640338523911
316 -2.15640338523911
317 -2.15640338523911
318 -2.15640338523911
319 -2.15640338523911
320 -2.15640338523911
321 -2.15640338523911
322 0.476210957974252
323 -0.434917088158001
324 -2.15640338523911
325 -2.15640338523911
326 0.517475954914517
327 -2.15640338523911
328 -0.402954241560484
329 -2.15640338523911
330 -0.445922434469044
331 -2.15640338523911
332 -2.15640338523911
333 -2.15640338523911
334 -0.367487883898687
335 -2.15640338523911
336 -0.181209540822799
337 -0.42521825722385
338 -0.28662433865698
339 -2.15640338523911
340 0.459579579334709
341 -2.15640338523911
342 -2.15640338523911
343 -2.15640338523911
344 0.0906217216057816
345 0.0906217216057816
346 -2.15640338523911
347 -2.15640338523911
348 -2.15640338523911
349 -2.15640338523911
350 -0.300251772690474
351 -2.15640338523911
352 -2.15640338523911
353 -2.15640338523911
354 -2.15640338523911
355 -2.15640338523911
356 -2.15640338523911
357 -2.15640338523911
358 -2.15640338523911
359 -2.15640338523911
360 -2.15640338523911
361 0.364354075286286
362 -2.15640338523911
363 -2.15640338523911
364 -2.15640338523911
365 -2.15640338523911
366 -2.15640338523911
367 -2.15640338523911
368 -2.15640338523911
369 -2.15640338523911
370 -2.15640338523911
371 -2.15640338523911
372 -2.15640338523911
373 -2.15640338523911
374 -2.15640338523911
375 -2.15640338523911
376 -2.15640338523911
377 -2.15640338523911
378 -2.15640338523911
379 -2.15640338523911
380 -2.15640338523911
381 -2.15640338523911
382 -2.15640338523911
383 -2.15640338523911
384 -2.15640338523911
385 -0.430152015912424
386 -2.15640338523911
387 -0.322064473755903
388 -2.15640338523911
389 -2.15640338523911
390 -2.15640338523911
391 -2.15640338523911
392 -2.15640338523911
393 -2.15640338523911
394 0.170539429306672
395 -2.15640338523911
396 -2.15640338523911
397 -2.15640338523911
398 -2.15640338523911
399 -0.400925627969625
400 -2.15640338523911
401 -2.15640338523911
402 -2.15640338523911
403 -2.15640338523911
404 -2.15640338523911
405 -2.15640338523911
406 -2.15640338523911
407 -2.15640338523911
408 -2.15640338523911
409 -2.15640338523911
410 -2.15640338523911
411 -2.15640338523911
412 -2.15640338523911
413 -2.15640338523911
414 -2.15640338523911
415 1.18462556716661
416 -2.15640338523911
417 -2.15640338523911
418 -0.166019979184617
419 -2.15640338523911
420 -2.15640338523911
421 -2.15640338523911
422 -2.15640338523911
423 -2.15640338523911
424 -2.15640338523911
425 -2.15640338523911
426 -2.15640338523911
427 -2.15640338523911
428 -2.15640338523911
429 -2.15640338523911
430 -2.15640338523911
431 0.410128218125489
432 -2.15640338523911
433 -2.15640338523911
434 -2.15640338523911
435 -2.15640338523911
436 -0.414194233880696
437 -2.15640338523911
438 -2.15640338523911
439 -2.15640338523911
440 -2.15640338523911
441 -2.15640338523911
442 -2.15640338523911
443 -2.15640338523911
444 -2.15640338523911
445 -2.15640338523911
446 -2.15640338523911
447 -0.296227906167785
448 -2.15640338523911
449 -2.15640338523911
450 -2.15640338523911
451 -2.15640338523911
452 -2.15640338523911
453 -2.15640338523911
454 -2.15640338523911
455 -2.15640338523911
456 -2.15640338523911
457 -2.15640338523911
458 -2.15640338523911
459 -2.15640338523911
460 -2.15640338523911
461 -2.15640338523911
462 -2.15640338523911
463 -0.415536879367484
464 -2.15640338523911
465 -2.15640338523911
466 -2.15640338523911
467 -2.15640338523911
468 -2.15640338523911
469 -2.15640338523911
470 -2.15640338523911
471 1.93349666982391
472 -2.15640338523911
473 -2.15640338523911
474 -2.15640338523911
475 -2.15640338523911
476 -2.15640338523911
477 -2.15640338523911
478 -2.15640338523911
479 -2.15640338523911
480 -2.15640338523911
481 -2.15640338523911
482 -2.15640338523911
483 -2.15640338523911
484 -2.15640338523911
485 -2.15640338523911
486 -2.15640338523911
487 -2.15640338523911
488 -2.15640338523911
489 -0.42965264378564
490 -2.15640338523911
491 -2.15640338523911
492 -2.15640338523911
493 -2.15640338523911
494 -2.15640338523911
495 -2.15640338523911
496 -2.15640338523911
497 -2.15640338523911
498 -2.15640338523911
499 -2.15640338523911
500 -2.15640338523911
501 -0.402954241560484
502 -2.15640338523911
503 -2.15640338523911
504 0.476210957974252
505 -2.15640338523911
506 -2.15640338523911
507 -2.15640338523911
508 -2.15640338523911
509 -2.15640338523911
510 -2.15640338523911
511 -2.15640338523911
512 -2.15640338523911
513 -2.15640338523911
514 -2.15640338523911
515 -2.15640338523911
516 -2.15640338523911
517 -2.15640338523911
518 0.170539429306672
519 -2.15640338523911
520 -0.10479661260423
521 -2.15640338523911
522 -2.15640338523911
523 -2.15640338523911
524 -2.15640338523911
525 -2.15640338523911
526 -2.15640338523911
527 -2.15640338523911
528 -2.15640338523911
529 -2.15640338523911
530 -2.15640338523911
531 -2.15640338523911
532 -2.15640338523911
533 -2.15640338523911
534 -2.15640338523911
535 -2.15640338523911
536 -2.15640338523911
537 -2.15640338523911
538 -2.15640338523911
539 -2.15640338523911
540 -2.15640338523911
541 -2.15640338523911
542 -0.348822497669405
543 -0.348822497669405
544 -2.15640338523911
545 -2.15640338523911
546 -2.15640338523911
547 -2.15640338523911
548 -2.15640338523911
549 -2.15640338523911
550 -2.15640338523911
551 -2.15640338523911
552 -2.15640338523911
553 -2.15640338523911
554 -0.450446993039873
555 -2.15640338523911
556 -2.15640338523911
557 -2.15640338523911
558 -2.15640338523911
559 -2.15640338523911
560 -2.15640338523911
561 -2.15640338523911
562 -0.450446993039873
563 -2.15640338523911
564 -2.15640338523911
565 -2.15640338523911
566 -2.15640338523911
567 -2.15640338523911
568 -2.15640338523911
569 -2.15640338523911
570 -2.15640338523911
571 -2.15640338523911
572 -2.15640338523911
573 -2.15640338523911
574 -2.15640338523911
575 -2.15640338523911
576 -2.15640338523911
577 -2.15640338523911
578 -2.15640338523911
579 -2.15640338523911
580 -2.15640338523911
581 -2.15640338523911
582 -0.388215310454705
583 -2.15640338523911
584 -2.15640338523911
585 -2.15640338523911
586 -2.15640338523911
587 -2.15640338523911
588 -2.15640338523911
589 -0.4512654978442
590 -2.15640338523911
591 -2.15640338523911
592 -2.15640338523911
593 -2.15640338523911
594 -2.15640338523911
595 -2.15640338523911
596 -2.15640338523911
597 -2.15640338523911
598 -2.15640338523911
599 -0.410517591095141
600 -2.15640338523911
601 -2.15640338523911
602 -0.388215310454705
603 -2.15640338523911
604 -2.15640338523911
605 -2.15640338523911
606 -0.38390359308262
607 -2.15640338523911
608 -0.429599261270367
609 -2.15640338523911
610 -2.15640338523911
611 -2.15640338523911
612 -2.15640338523911
613 -2.15640338523911
614 -2.15640338523911
615 -2.15640338523911
616 -2.15640338523911
617 3.60176839926272
618 -2.15640338523911
619 -2.15640338523911
620 -2.15640338523911
621 -2.15640338523911
622 -2.15640338523911
623 -2.15640338523911
624 -2.15640338523911
625 -0.313539159687678
626 -2.15640338523911
627 -2.15640338523911
628 -2.15640338523911
629 -2.15640338523911
630 -2.15640338523911
631 -2.15640338523911
632 -2.15640338523911
633 -2.15640338523911
634 -2.15640338523911
635 -2.15640338523911
636 -2.15640338523911
637 -2.15640338523911
638 -2.15640338523911
639 -2.15640338523911
640 -2.15640338523911
641 -2.15640338523911
642 -2.15640338523911
643 -2.15640338523911
644 -2.15640338523911
645 -2.15640338523911
646 -2.15640338523911
647 -2.15640338523911
648 -2.15640338523911
649 -2.15640338523911
650 -2.15640338523911
651 -2.15640338523911
652 -2.15640338523911
653 -2.15640338523911
654 -2.15640338523911
655 -2.15640338523911
656 -2.15640338523911
657 -2.15640338523911
658 -2.15640338523911
659 -2.15640338523911
660 -2.15640338523911
661 -2.15640338523911
662 -2.15640338523911
663 -2.15640338523911
664 -2.15640338523911
665 -2.15640338523911
666 -2.15640338523911
667 -0.105249675478249
668 -2.15640338523911
669 1.95921868874764
670 -2.15640338523911
671 1.18462556716661
672 -2.15640338523911
673 -2.15640338523911
674 -2.15640338523911
675 -2.15640338523911
676 -2.15640338523911
677 -2.15640338523911
678 -2.15640338523911
679 -2.15640338523911
680 -2.15640338523911
681 -2.15640338523911
682 -2.15640338523911
683 -2.15640338523911
684 -2.15640338523911
685 -2.15640338523911
686 -2.15640338523911
687 -2.15640338523911
688 -2.15640338523911
689 -2.15640338523911
690 -2.15640338523911
691 -0.174862288413175
692 -0.444848643510648
693 -2.15640338523911
694 -2.15640338523911
695 -2.15640338523911
696 -2.15640338523911
697 -2.15640338523911
698 -2.15640338523911
699 -2.15640338523911
700 -2.15640338523911
701 -2.15640338523911
702 -2.15640338523911
703 -2.15640338523911
704 -2.15640338523911
705 -2.15640338523911
706 -2.15640338523911
707 -2.15640338523911
708 -2.15640338523911
709 -2.15640338523911
710 -2.15640338523911
711 -2.15640338523911
712 -2.15640338523911
713 -2.15640338523911
714 -2.15640338523911
715 -2.15640338523911
716 -2.15640338523911
717 -2.15640338523911
718 -0.186630379020003
719 -2.15640338523911
720 -2.15640338523911
721 -2.15640338523911
722 -2.15640338523911
723 -2.15640338523911
724 -2.15640338523911
725 -2.15640338523911
726 -2.15640338523911
727 -2.15640338523911
728 -2.15640338523911
729 -2.15640338523911
730 -2.15640338523911
731 -2.15640338523911
732 -2.15640338523911
733 -2.15640338523911
734 -2.15640338523911
735 -2.15640338523911
736 -2.15640338523911
737 -2.15640338523911
738 -2.15640338523911
739 -2.15640338523911
740 -2.15640338523911
741 -2.15640338523911
742 -2.15640338523911
743 -2.15640338523911
744 -2.15640338523911
745 -2.15640338523911
746 -2.15640338523911
747 -0.186630379020003
748 -2.15640338523911
749 -2.15640338523911
750 -2.15640338523911
751 -2.15640338523911
752 1.18462556716661
753 -2.15640338523911
754 -2.15640338523911
755 -2.15640338523911
756 -2.15640338523911
757 1.18462556716661
758 -2.15640338523911
759 -2.15640338523911
760 -2.15640338523911
761 -2.15640338523911
762 -2.15640338523911
763 -2.15640338523911
764 -2.15640338523911
765 -2.15640338523911
766 -2.15640338523911
767 -2.15640338523911
768 -2.15640338523911
769 -2.15640338523911
770 -2.15640338523911
771 -2.15640338523911
772 -2.15640338523911
773 -2.15640338523911
774 -2.15640338523911
775 -0.409899271437698
776 -2.15640338523911
777 -2.15640338523911
778 -2.15640338523911
779 -2.15640338523911
780 -2.15640338523911
781 -2.15640338523911
782 -2.15640338523911
783 -2.15640338523911
784 -2.15640338523911
785 -2.15640338523911
786 -2.15640338523911
787 -2.15640338523911
788 -2.15640338523911
789 -2.15640338523911
790 -2.15640338523911
791 -2.15640338523911
792 -2.15640338523911
793 -2.15640338523911
794 -2.15640338523911
795 -2.15640338523911
796 -2.15640338523911
797 -2.15640338523911
798 -2.15640338523911
799 -2.15640338523911
800 -2.15640338523911
801 -2.15640338523911
802 -2.15640338523911
803 -2.15640338523911
804 -2.15640338523911
805 -2.15640338523911
806 -2.15640338523911
807 -2.15640338523911
808 -2.15640338523911
809 -2.15640338523911
810 -2.15640338523911
811 -2.15640338523911
812 -2.15640338523911
813 -2.15640338523911
814 -2.15640338523911
815 -2.15640338523911
816 -2.15640338523911
817 -2.15640338523911
818 -2.15640338523911
819 -2.15640338523911
820 -2.15640338523911
821 -2.15640338523911
822 -2.15640338523911
823 -2.15640338523911
824 -2.15640338523911
825 -2.15640338523911
826 -2.15640338523911
827 -2.15640338523911
828 -2.15640338523911
829 -0.34755224462218
830 -2.15640338523911
831 -0.423709142512774
832 -2.15640338523911
833 -2.15640338523911
834 -2.15640338523911
835 -2.15640338523911
836 -2.15640338523911
837 -2.15640338523911
838 -2.15640338523911
839 -2.15640338523911
840 -2.15640338523911
841 -2.15640338523911
842 -2.15640338523911
843 -2.15640338523911
844 -2.15640338523911
845 -2.15640338523911
846 -0.434917088158001
847 -2.15640338523911
848 -2.15640338523911
849 -2.15640338523911
850 -2.15640338523911
851 -2.15640338523911
852 -2.15640338523911
853 -2.15640338523911
854 -2.15640338523911
855 -2.15640338523911
856 -2.15640338523911
857 -2.15640338523911
858 -2.15640338523911
859 -2.15640338523911
860 -2.15640338523911
861 -2.15640338523911
862 -2.15640338523911
863 -2.15640338523911
864 -2.15640338523911
865 -2.15640338523911
866 -2.15640338523911
867 -2.15640338523911
868 -2.15640338523911
869 -2.15640338523911
870 2.32241001448476
871 -2.15640338523911
872 -0.437826249896387
873 -0.0697917036246813
874 0.435093530439956
875 -0.4404126659928
876 -2.15640338523911
877 -2.15640338523911
878 -2.15640338523911
879 -2.15640338523911
880 -2.15640338523911
881 0.211958669511358
882 -2.15640338523911
883 -2.15640338523911
884 -2.15640338523911
885 -2.15640338523911
886 -2.15640338523911
887 -2.15640338523911
888 -2.15640338523911
889 -2.15640338523911
890 -2.15640338523911
891 -2.15640338523911
892 -2.15640338523911
893 -2.15640338523911
894 -2.15640338523911
895 -2.15640338523911
896 -2.15640338523911
897 -2.15640338523911
898 -2.15640338523911
899 -2.15640338523911
900 -2.15640338523911
901 1.18518538808232
902 -2.15640338523911
903 -0.105249675478249
904 -2.15640338523911
905 -0.429599261270367
906 -0.429599261270367
907 -2.15640338523911
908 -2.15640338523911
909 -2.15640338523911
910 -2.15640338523911
911 -0.369734427897298
912 -2.15640338523911
913 -2.15640338523911
914 -2.15640338523911
915 -2.15640338523911
916 -2.15640338523911
917 -2.15640338523911
918 -2.15640338523911
919 -2.15640338523911
920 0.697881222544259
921 -0.260828056825911
922 -2.15640338523911
923 -2.15640338523911
924 0.379941766286675
925 -0.128104217705761
926 -2.15640338523911
927 -2.15640338523911
928 -2.15640338523911
929 -2.15640338523911
930 -2.15640338523911
931 -2.15640338523911
932 -2.15640338523911
933 -2.15640338523911
934 -2.15640338523911
935 -2.15640338523911
936 -2.15640338523911
937 -2.15640338523911
938 -2.15640338523911
939 -2.15640338523911
940 -2.15640338523911
941 -2.15640338523911
942 -0.433907185954264
943 -2.15640338523911
944 0.00129215884835974
945 -0.111774855061904
946 -2.15640338523911
947 -0.27992497418418
948 -2.15640338523911
949 -2.15640338523911
950 -2.15640338523911
951 -2.15640338523911
952 -2.15640338523911
953 -2.15640338523911
954 -2.15640338523911
955 -2.15640338523911
956 -2.15640338523911
957 -2.15640338523911
958 -2.15640338523911
959 -2.15640338523911
960 -2.15640338523911
961 -2.15640338523911
962 -2.15640338523911
963 -2.15640338523911
964 -2.15640338523911
965 -2.15640338523911
966 -2.15640338523911
967 0.476210957974252
968 -2.15640338523911
969 -2.15640338523911
970 -0.28662433865698
971 -2.15640338523911
972 -0.382535434522932
973 -2.15640338523911
974 -2.15640338523911
975 -2.15640338523911
976 -0.391108418883021
977 -0.391108418883021
978 -2.15640338523911
979 -2.15640338523911
980 -2.15640338523911
981 -2.15640338523911
982 -2.15640338523911
983 -2.15640338523911
984 -2.15640338523911
985 -2.15640338523911
986 -2.15640338523911
987 -2.15640338523911
988 -0.42965264378564
989 0.303047384401906
990 -2.15640338523911
991 -2.15640338523911
992 -2.15640338523911
993 -2.15640338523911
994 -2.15640338523911
995 -2.15640338523911
996 -2.15640338523911
997 -0.181209540822799
998 -2.15640338523911
999 -2.15640338523911
1000 -2.15640338523911
1001 0.142232462888213
1002 -2.15640338523911
1003 -2.15640338523911
1004 0.476210957974252
1005 0.476210957974252
1006 -2.15640338523911
1007 -2.15640338523911
1008 -0.378901633395171
1009 -2.15640338523911
1010 -2.15640338523911
1011 -2.15640338523911
1012 -0.362335001171669
1013 -2.15640338523911
1014 -2.15640338523911
1015 -2.15640338523911
1016 -0.145348525212553
1017 -0.355812609647556
1018 -2.15640338523911
1019 -2.15640338523911
1020 -0.181209540822799
1021 1.23012196186941
1022 -2.15640338523911
1023 -2.15640338523911
1024 -2.15640338523911
1025 -2.15640338523911
1026 -2.15640338523911
1027 -2.15640338523911
1028 0.476210957974252
1029 0.435093530439956
1030 -0.428163432642371
1031 -2.15640338523911
1032 -2.15640338523911
1033 -2.15640338523911
1034 -2.15640338523911
1035 -2.15640338523911
1036 -0.429599261270367
1037 -0.423709142512774
1038 -0.436798827518311
1039 -2.15640338523911
1040 -2.15640338523911
1041 -0.429599261270367
1042 -2.15640338523911
1043 -2.15640338523911
1044 -2.15640338523911
1045 -0.300251772690474
1046 -2.15640338523911
1047 -0.434177591719862
1048 -2.15640338523911
1049 -2.15640338523911
1050 -2.15640338523911
1051 -2.15640338523911
1052 -2.15640338523911
1053 -0.434917088158001
1054 -2.15640338523911
1055 -2.15640338523911
1056 0.476210957974252
1057 -2.15640338523911
1058 -2.15640338523911
1059 -2.15640338523911
1060 -2.15640338523911
1061 -2.15640338523911
1062 -2.15640338523911
1063 -2.15640338523911
1064 -2.15640338523911
1065 -2.15640338523911
1066 -2.15640338523911
1067 0.705454168703016
1068 -2.15640338523911
1069 -2.15640338523911
1070 -2.15640338523911
1071 -0.0297060691918655
1072 -2.15640338523911
1073 -2.15640338523911
1074 -2.15640338523911
1075 -2.15640338523911
1076 -2.15640338523911
1077 -2.15640338523911
1078 -2.15640338523911
1079 -0.132230830951579
1080 -0.185446996075803
1081 -0.159724764145717
1082 -0.410517591095141
1083 -2.15640338523911
1084 -2.15640338523911
1085 -0.105249675478249
1086 -2.15640338523911
1087 -2.15640338523911
1088 -0.423709142512774
1089 -2.15640338523911
1090 -2.15640338523911
1091 -2.15640338523911
1092 -2.15640338523911
1093 -2.15640338523911
1094 0.103465317586818
1095 -2.15640338523911
1096 -2.15640338523911
1097 -2.15640338523911
1098 -2.15640338523911
1099 2.13873578658196
1100 -2.15640338523911
1101 -2.15640338523911
1102 -2.15640338523911
1103 -2.15640338523911
1104 -2.15640338523911
1105 -2.15640338523911
1106 1.18462556716661
1107 -0.450446993039873
1108 -0.450446993039873
1109 -0.450446993039873
1110 -0.450446993039873
1111 -0.450446993039873
1112 -0.450446993039873
1113 -2.15640338523911
1114 -2.15640338523911
1115 -0.38390359308262
1116 -0.360568517854562
1117 -0.431669436825605
1118 -0.295292066432203
1119 -0.436798827518311
1120 -2.15640338523911
1121 -2.15640338523911
1122 -2.15640338523911
1123 -2.15640338523911
1124 -2.15640338523911
1125 -0.363903683348834
1126 -2.15640338523911
1127 -2.15640338523911
1128 -2.15640338523911
1129 -2.15640338523911
1130 -2.15640338523911
1131 -2.15640338523911
1132 -2.15640338523911
1133 -0.28662433865698
1134 -2.15640338523911
1135 -2.15640338523911
1136 -2.15640338523911
1137 -0.192847671106442
1138 0.746551020661859
1139 -2.15640338523911
1140 -2.15640338523911
1141 0.0100764392875444
1142 -2.15640338523911
1143 -2.15640338523911
1144 -0.42521825722385
1145 -0.419764220367117
1146 -0.300855675675331
1147 -2.15640338523911
1148 -2.15640338523911
1149 -2.15640338523911
1150 -2.15640338523911
1151 -2.15640338523911
1152 -2.15640338523911
1153 -2.15640338523911
1154 -2.15640338523911
1155 -2.15640338523911
1156 2.5934369188467
1157 -0.433118652525846
1158 -2.15640338523911
1159 -2.15640338523911
1160 -2.15640338523911
1161 -2.15640338523911
1162 -2.15640338523911
1163 -0.338934103943504
1164 -2.15640338523911
1165 -2.15640338523911
1166 -2.15640338523911
1167 -0.348822497669405
1168 -0.364288902531325
1169 -2.15640338523911
1170 -2.15640338523911
1171 -2.15640338523911
1172 -0.0646393396302547
1173 -0.444848643510648
1174 -2.15640338523911
1175 -0.336258721168398
1176 -2.15640338523911
1177 -0.216862146949577
1178 -2.15640338523911
1179 -2.15640338523911
1180 -0.375114087956641
1181 -2.15640338523911
1182 -0.27992497418418
1183 -2.15640338523911
1184 -0.10479661260423
1185 -0.410517591095141
1186 -0.159724764145717
1187 -0.362335001171669
1188 -2.15640338523911
1189 -2.15640338523911
1190 -2.15640338523911
1191 -2.15640338523911
1192 -0.26014647622463
1193 -0.000766530688658056
1194 -2.15640338523911
1195 -2.15640338523911
1196 -2.15640338523911
1197 -2.15640338523911
1198 -0.402954241560484
1199 -2.15640338523911
1200 -2.15640338523911
1201 -2.15640338523911
1202 -2.15640338523911
1203 -2.15640338523911
1204 -2.15640338523911
1205 -2.15640338523911
1206 -2.15640338523911
1207 -2.15640338523911
1208 -2.15640338523911
1209 0.692787285202711
1210 -2.15640338523911
1211 -0.348822497669405
1212 -2.15640338523911
1213 -2.15640338523911
1214 -2.15640338523911
1215 -2.15640338523911
1216 -2.15640338523911
1217 -2.15640338523911
1218 -2.15640338523911
1219 -2.15640338523911
1220 -2.15640338523911
1221 -2.15640338523911
1222 -2.15640338523911
1223 -2.15640338523911
1224 -2.15640338523911
1225 -2.15640338523911
1226 -2.15640338523911
1227 -2.15640338523911
1228 -0.429637180207076
1229 -2.15640338523911
1230 -0.128104217705761
1231 -2.15640338523911
1232 -2.15640338523911
1233 -2.15640338523911
1234 -2.15640338523911
1235 -2.15640338523911
1236 -2.15640338523911
1237 -2.15640338523911
1238 -2.15640338523911
1239 -2.15640338523911
1240 -2.15640338523911
1241 -2.15640338523911
1242 -0.355494931686706
1243 -2.15640338523911
1244 -2.15640338523911
1245 -2.15640338523911
1246 -2.15640338523911
1247 -2.15640338523911
1248 -2.15640338523911
1249 -2.15640338523911
1250 -0.181209540822799
1251 -2.15640338523911
1252 -2.15640338523911
1253 -2.15640338523911
1254 -2.15640338523911
1255 -2.15640338523911
1256 -2.15640338523911
1257 -2.15640338523911
1258 -0.181209540822799
1259 -0.434917088158001
1260 -2.15640338523911
1261 -2.15640338523911
1262 -2.15640338523911
1263 -2.15640338523911
1264 -2.15640338523911
1265 -2.15640338523911
1266 -2.15640338523911
1267 -2.15640338523911
1268 -2.15640338523911
1269 -2.15640338523911
1270 -2.15640338523911
1271 -2.15640338523911
1272 -2.15640338523911
1273 -2.15640338523911
1274 -2.15640338523911
1275 -2.15640338523911
1276 -0.410517591095141
1277 -2.15640338523911
1278 -2.15640338523911
1279 -2.15640338523911
1280 -2.15640338523911
1281 -2.15640338523911
1282 -0.181209540822799
1283 -2.15640338523911
1284 -2.15640338523911
1285 -2.15640338523911
1286 -2.15640338523911
1287 -2.15640338523911
1288 -2.15640338523911
1289 -2.15640338523911
1290 -2.15640338523911
1291 -2.15640338523911
1292 -2.15640338523911
1293 -2.15640338523911
1294 -0.391866015072349
1295 -2.15640338523911
1296 -2.15640338523911
1297 -2.15640338523911
1298 -2.15640338523911
1299 -2.15640338523911
1300 -2.15640338523911
1301 -2.15640338523911
1302 -2.15640338523911
1303 -0.34757145741243
1304 -0.155875295931663
1305 -0.155875295931663
1306 -2.15640338523911
1307 -2.15640338523911
1308 -2.15640338523911
1309 -2.15640338523911
1310 -2.15640338523911
1311 -2.15640338523911
1312 -2.15640338523911
1313 -2.15640338523911
1314 -2.15640338523911
1315 -2.15640338523911
1316 -2.15640338523911
1317 -2.15640338523911
1318 -2.15640338523911
1319 -2.15640338523911
1320 -0.316955531322142
1321 -2.15640338523911
1322 -2.15640338523911
1323 -2.15640338523911
1324 -2.15640338523911
1325 -2.15640338523911
1326 -2.15640338523911
1327 -2.15640338523911
1328 -2.15640338523911
1329 -0.406450379152925
1330 -2.15640338523911
1331 -2.15640338523911
1332 -2.15640338523911
1333 -2.15640338523911
1334 -2.15640338523911
1335 -2.15640338523911
1336 -2.15640338523911
1337 -2.15640338523911
1338 -2.15640338523911
1339 1.18462556716661
1340 -0.426555997931213
1341 -2.15640338523911
1342 -2.15640338523911
1343 -2.15640338523911
1344 -2.15640338523911
1345 -2.15640338523911
1346 -2.15640338523911
1347 -2.15640338523911
1348 -2.15640338523911
1349 -2.15640338523911
1350 -2.15640338523911
1351 -2.15640338523911
1352 -2.15640338523911
1353 -2.15640338523911
1354 -2.15640338523911
1355 -2.15640338523911
1356 -2.15640338523911
1357 -2.15640338523911
1358 -2.15640338523911
1359 -2.15640338523911
1360 -0.186630379020003
1361 -2.15640338523911
1362 -2.15640338523911
1363 -2.15640338523911
1364 -2.15640338523911
1365 -2.15640338523911
1366 -2.15640338523911
1367 -2.15640338523911
1368 -2.15640338523911
1369 -2.15640338523911
1370 -2.15640338523911
1371 -2.15640338523911
1372 -2.15640338523911
1373 -0.174862288413175
1374 -2.15640338523911
1375 -2.15640338523911
1376 -2.15640338523911
1377 -2.15640338523911
1378 -2.15640338523911
1379 -2.15640338523911
1380 -2.15640338523911
1381 -2.15640338523911
1382 -2.15640338523911
1383 -2.15640338523911
1384 -2.15640338523911
1385 -2.15640338523911
1386 -2.15640338523911
1387 -2.15640338523911
1388 -2.15640338523911
1389 -2.15640338523911
1390 -2.15640338523911
1391 -2.15640338523911
1392 -2.15640338523911
1393 -2.15640338523911
1394 -0.128104217705761
1395 -2.15640338523911
1396 -2.15640338523911
1397 -2.15640338523911
1398 -2.15640338523911
1399 -2.15640338523911
1400 -2.15640338523911
1401 -2.15640338523911
1402 -2.15640338523911
1403 -2.15640338523911
1404 -2.15640338523911
1405 -0.27992497418418
1406 -2.15640338523911
1407 -2.15640338523911
1408 -2.15640338523911
1409 -2.15640338523911
1410 -2.15640338523911
1411 -2.15640338523911
1412 -2.15640338523911
1413 -2.15640338523911
1414 -2.15640338523911
1415 -2.15640338523911
1416 -2.15640338523911
1417 -0.193487046243096
1418 -2.15640338523911
1419 -2.15640338523911
1420 -2.15640338523911
1421 0.429861278327991
1422 -2.15640338523911
1423 -2.15640338523911
1424 -2.15640338523911
1425 -2.15640338523911
1426 -2.15640338523911
1427 -2.15640338523911
1428 -2.15640338523911
1429 -2.15640338523911
1430 -2.15640338523911
1431 -2.15640338523911
1432 -2.15640338523911
1433 -2.15640338523911
1434 -2.15640338523911
1435 -2.15640338523911
1436 1.18462556716661
1437 -2.15640338523911
1438 -2.15640338523911
1439 -2.15640338523911
1440 -2.15640338523911
1441 -2.15640338523911
1442 -2.15640338523911
1443 -2.15640338523911
1444 -2.15640338523911
1445 -2.15640338523911
1446 -2.15640338523911
1447 -2.15640338523911
1448 -2.15640338523911
1449 -2.15640338523911
1450 -0.322064473755903
1451 -2.15640338523911
1452 -2.15640338523911
1453 -2.15640338523911
1454 -2.15640338523911
1455 -2.15640338523911
1456 -2.15640338523911
1457 -2.15640338523911
1458 -2.15640338523911
1459 -2.15640338523911
1460 -0.422680922591155
1461 -2.15640338523911
1462 -2.15640338523911
1463 -2.15640338523911
1464 -2.15640338523911
1465 -2.15640338523911
1466 -2.15640338523911
1467 -2.15640338523911
1468 -2.15640338523911
1469 -2.15640338523911
1470 -0.428163432642371
1471 -2.15640338523911
1472 -0.386538811137625
1473 -0.283777917531631
1474 -2.15640338523911
1475 -2.15640338523911
1476 -2.15640338523911
1477 -2.15640338523911
1478 -2.15640338523911
1479 -0.0728099340965693
1480 -2.15640338523911
1481 1.26483800942763
1482 -2.15640338523911
1483 -2.15640338523911
1484 -2.15640338523911
1485 -2.15640338523911
1486 -2.15640338523911
1487 -2.15640338523911
1488 -2.15640338523911
1489 -2.15640338523911
1490 -2.15640338523911
1491 -2.15640338523911
1492 -2.15640338523911
1493 -2.15640338523911
1494 -2.15640338523911
1495 -2.15640338523911
1496 -2.15640338523911
1497 -2.15640338523911
1498 -2.15640338523911
1499 -2.15640338523911
1500 -2.15640338523911
1501 -2.15640338523911
1502 -2.15640338523911
1503 -2.15640338523911
1504 -2.15640338523911
1505 -2.15640338523911
1506 -2.15640338523911
1507 -2.15640338523911
1508 -2.15640338523911
1509 -2.15640338523911
1510 -2.15640338523911
1511 -2.15640338523911
1512 -2.15640338523911
1513 -2.15640338523911
1514 -2.15640338523911
1515 -2.15640338523911
1516 -2.15640338523911
1517 -2.15640338523911
1518 -2.15640338523911
1519 -2.15640338523911
1520 -2.15640338523911
1521 -2.15640338523911
1522 -2.15640338523911
1523 -2.15640338523911
1524 -2.15640338523911
1525 -2.15640338523911
1526 -2.15640338523911
1527 -2.15640338523911
1528 -2.15640338523911
1529 -2.15640338523911
1530 -2.15640338523911
1531 -2.15640338523911
1532 -2.15640338523911
1533 -2.15640338523911
1534 -2.15640338523911
1535 -2.15640338523911
1536 -2.15640338523911
1537 -2.15640338523911
1538 -2.15640338523911
1539 -2.15640338523911
1540 -2.15640338523911
1541 -2.15640338523911
1542 -2.15640338523911
1543 -2.15640338523911
1544 -2.15640338523911
1545 -2.15640338523911
1546 -2.15640338523911
1547 -2.15640338523911
1548 -2.15640338523911
1549 -2.15640338523911
1550 -2.15640338523911
1551 -0.106227914445484
1552 -2.15640338523911
1553 -2.15640338523911
1554 -2.15640338523911
1555 -2.15640338523911
1556 -2.15640338523911
1557 -2.15640338523911
1558 -2.15640338523911
1559 -2.15640338523911
1560 -2.15640338523911
1561 -2.15640338523911
1562 -2.15640338523911
1563 -2.15640338523911
1564 -2.15640338523911
1565 -2.15640338523911
1566 -2.15640338523911
1567 -2.15640338523911
1568 -2.15640338523911
1569 -2.15640338523911
1570 -2.15640338523911
1571 -2.15640338523911
1572 -2.15640338523911
1573 -2.15640338523911
1574 -2.15640338523911
1575 -2.15640338523911
1576 -2.15640338523911
1577 -2.15640338523911
1578 -2.15640338523911
1579 -2.15640338523911
1580 -2.15640338523911
1581 -2.15640338523911
1582 -2.15640338523911
1583 -2.15640338523911
1584 -2.15640338523911
1585 -2.15640338523911
1586 -2.15640338523911
1587 -2.15640338523911
1588 -2.15640338523911
1589 -2.15640338523911
1590 -2.15640338523911
1591 -2.15640338523911
1592 -2.15640338523911
1593 -2.15640338523911
1594 -2.15640338523911
1595 -2.15640338523911
1596 -2.15640338523911
1597 -2.15640338523911
1598 -2.15640338523911
1599 -2.15640338523911
1600 -2.15640338523911
1601 -2.15640338523911
1602 -2.15640338523911
1603 -2.15640338523911
1604 -2.15640338523911
1605 -2.15640338523911
1606 -2.15640338523911
1607 -2.15640338523911
1608 -2.15640338523911
1609 -2.15640338523911
1610 -2.15640338523911
1611 -2.15640338523911
1612 -2.15640338523911
1613 -2.15640338523911
1614 -2.15640338523911
1615 -2.15640338523911
1616 -2.15640338523911
1617 -2.15640338523911
1618 -2.15640338523911
1619 -2.15640338523911
1620 -2.15640338523911
1621 -2.15640338523911
1622 -2.15640338523911
1623 -2.15640338523911
