1 1904 0
1 1905 0
1 1906 0
2 1907 0
2 1908 0
2 1909 0
3 1910 0
3 1911 0
3 1912 0
4 1913 0
4 1914 0
4 1915 0
4 1916 0
4 1917 0
4 1918 0
4 1919 0
4 1920 0
4 1921 0
4 1922 0
4 1923 0
4 1924 0
4 1925 0
4 1926 0
4 1927 0
4 1928 0
4 1929 0
4 1930 0
4 1931 0
4 1932 0
4 1933 0
4 1934 0
4 1935 0
4 1936 0
4 1937 0
4 1938 0
4 1939 0
4 1940 0
4 1941 0
4 1942 0
4 1943 0
4 1944 0
4 1945 0
4 1946 0
4 1947 0
5 1948 0
5 1915 0
5 1917 0
5 1918 0
5 1919 0
5 1920 0
5 1921 0
5 1922 0
5 1923 0
5 1924 0
5 1925 0
5 1926 0
5 1927 0
5 1928 0
5 1929 0
5 1930 0
5 1931 0
5 1932 0
5 1933 0
5 1934 0
5 1916 0
5 1935 0
5 1936 0
5 1937 0
5 1940 0
5 1942 0
5 1944 0
5 1945 0
5 1946 0
5 1947 0
6 1949 0
6 1950 0
6 1951 0
6 1952 0
6 1953 0
6 1954 0
6 1955 0
6 1956 0
6 1957 0
6 1958 0
6 1959 0
6 1960 0
6 1941 0
7 1951 0
7 1961 0
7 1905 0
7 1962 0
7 1963 0
7 1964 0
7 1965 0
7 1966 0
7 1967 0
7 1968 0
7 1969 0
7 1970 0
7 1971 0
7 1972 0
7 1973 0
7 1974 0
7 1975 0
7 1976 0
7 1977 0
7 1978 0
7 1979 0
8 1980 0
8 1981 0
8 1982 0
8 1983 0
8 1984 0
8 1985 0
8 1954 0
8 1986 0
8 1906 0
8 1987 0
8 1988 0
8 1989 0
8 1990 0
8 1991 0
8 1992 0
8 1993 0
8 1994 0
8 1995 0
8 1996 0
8 1997 0
8 1998 0
8 1999 0
8 2000 0
8 2001 0
8 2002 0
8 2003 0
8 2004 0
9 1981 0
9 1954 0
9 2005 0
9 2006 0
9 2007 0
9 2008 0
9 1986 0
9 2009 0
9 1990 0
9 2010 0
9 1994 0
9 1997 0
9 2011 0
9 1999 0
9 2012 0
9 2013 0
9 2001 0
9 2014 0
9 2015 0
9 2016 0
9 2017 0
9 2018 0
10 2019 0
10 2020 0
10 2021 0
10 2022 0
10 2023 0
10 2024 0
10 2025 0
10 2026 0
10 2027 0
11 2028 0
11 2029 0
11 2030 0
11 2031 0
11 2032 0
11 2033 0
11 2034 0
11 2035 0
11 2036 0
12 2037 0
12 2038 0
12 2039 0
13 1962 0
13 2040 0
13 2041 0
13 2042 0
13 2043 0
13 2044 0
13 2045 0
13 2046 0
13 2047 0
13 2048 0
13 2049 0
13 2050 0
14 1953 0
14 2051 0
14 2052 0
14 1964 0
14 1965 0
14 1986 0
14 2053 0
14 2054 0
15 1915 0
15 1966 0
15 2055 0
15 2056 0
15 2057 0
15 2058 0
15 2059 0
15 2060 0
15 2061 0
15 2062 0
15 2063 0
15 2064 0
16 2065 0
16 1916 0
16 2066 0
17 2067 0
17 1967 0
17 2068 0
17 2069 0
17 2070 0
17 1977 0
17 2071 0
17 2072 0
17 2073 0
17 2074 0
17 2075 0
17 2076 0
17 2077 0
17 2078 0
18 1954 0
18 2079 0
18 2080 0
18 2081 0
18 2082 0
18 2083 0
19 2084 0
19 2085 0
19 2086 0
19 2011 0
19 2087 0
19 2088 0
19 2012 0
19 2013 0
19 2014 0
19 2017 0
19 2018 0
20 2089 0
20 2090 0
20 2091 0
20 2092 0
20 2093 0
20 2094 0
20 2095 0
20 2096 0
20 2097 0
20 2098 0
20 2099 0
20 2100 0
20 2101 0
20 2102 0
20 2103 0
20 2104 0
21 1906 0
22 2105 0
22 2106 0
22 2107 0
22 2108 0
22 2109 0
23 2110 0
23 2111 0
23 2112 0
24 2113 0
24 1955 0
24 2114 0
25 1986 0
25 2053 0
25 1968 0
25 2041 0
25 1989 0
25 2115 0
25 1988 0
25 2116 0
25 2117 0
25 2118 0
25 2119 0
26 2120 0
26 2121 0
26 1906 0
26 2055 0
26 2122 0
26 2123 0
26 2124 0
26 2125 0
26 2126 0
26 2127 0
26 2128 0
26 2129 0
26 2130 0
27 2030 0
27 2023 0
27 2131 0
27 2132 0
27 2027 0
27 2133 0
27 2134 0
27 2135 0
28 2136 0
28 2137 0
28 2138 0
28 2139 0
28 2140 0
28 2141 0
28 2142 0
28 2143 0
28 2144 0
28 2145 0
29 2136 0
29 2139 0
29 2140 0
29 2141 0
29 2142 0
29 2143 0
29 2144 0
29 2145 0
30 2041 0
30 2122 0
30 2146 0
30 2147 0
30 2148 0
30 2149 0
30 2150 0
30 2151 0
31 2136 0
31 2138 0
31 2152 0
31 2153 0
31 2129 0
32 2154 0
32 2155 0
33 2156 0
33 2157 0
33 2056 0
33 2110 0
33 2158 0
33 2159 0
33 2160 0
34 1983 0
34 1984 0
34 1985 0
34 1987 0
34 1988 0
34 1989 0
34 1992 0
34 1996 0
34 1998 0
34 2161 0
34 2162 0
34 2000 0
34 2003 0
35 2163 0
35 2164 0
35 2165 0
35 2061 0
35 2166 0
35 2167 0
35 2168 0
36 2169 0
36 2170 0
37 1949 0
37 2171 0
37 2009 0
37 2172 0
37 2173 0
38 2174 0
38 2175 0
38 2176 0
38 2177 0
39 2114 0
39 2178 0
40 1913 0
40 2179 0
40 2180 0
40 2181 0
40 2182 0
40 1938 0
40 1941 0
40 1944 0
41 1950 0
41 2054 0
41 2183 0
41 2184 0
42 2156 0
42 2056 0
42 1990 0
42 2042 0
42 2185 0
43 2186 0
43 2187 0
44 2188 0
44 1986 0
44 2189 0
44 2161 0
44 2190 0
45 2191 0
45 1986 0
45 2192 0
45 2193 0
46 1961 0
46 1970 0
46 1973 0
46 2078 0
47 2043 0
47 2044 0
47 2194 0
47 2058 0
47 2195 0
47 2196 0
47 2197 0
48 2198 0
48 2199 0
48 2200 0
48 2201 0
48 1992 0
48 2202 0
48 2203 0
48 2172 0
48 2204 0
49 2156 0
49 2205 0
50 2130 0
50 2206 0
51 2031 0
51 2033 0
52 2207 0
52 1921 0
53 2084 0
53 2085 0
53 1967 0
53 2059 0
53 2208 0
53 2087 0
53 2016 0
54 2028 0
54 2029 0
54 2202 0
54 2209 0
54 2036 0
54 2210 0
54 2211 0
55 2212 0
55 2213 0
55 2214 0
55 2069 0
55 2215 0
55 2216 0
55 2217 0
56 2130 0
56 1959 0
57 2199 0
57 2031 0
57 2218 0
57 2219 0
58 2220 0
58 2221 0
58 2222 0
58 2223 0
58 2224 0
59 2165 0
59 2225 0
59 1993 0
59 1986 0
59 2060 0
59 2123 0
59 2226 0
59 2227 0
59 2228 0
59 2229 0
59 2083 0
60 2230 0
60 1994 0
60 2110 0
60 2231 0
61 2232 0
61 2233 0
61 2068 0
61 2234 0
61 1963 0
61 2235 0
61 2236 0
61 2237 0
62 2238 0
62 2239 0
62 1995 0
62 2146 0
62 2061 0
62 2180 0
62 2062 0
62 2240 0
62 2002 0
62 2064 0
62 2241 0
63 2020 0
63 2021 0
63 2023 0
63 2211 0
63 2242 0
63 2243 0
63 2244 0
64 2245 0
65 2079 0
65 2147 0
66 2246 0
67 2247 0
67 2024 0
67 2091 0
67 2222 0
67 2248 0
67 2249 0
68 2212 0
68 2214 0
68 2250 0
68 2251 0
68 2070 0
68 2252 0
68 2253 0
69 2254 0
69 2255 0
69 2045 0
69 2216 0
69 2256 0
69 2257 0
69 2258 0
70 2213 0
70 2259 0
70 2260 0
70 2033 0
70 2261 0
70 2262 0
70 2263 0
71 2264 0
71 2265 0
71 2266 0
71 2172 0
72 2252 0
72 2267 0
72 2196 0
72 2172 0
72 2253 0
72 2204 0
73 2264 0
73 1996 0
73 2268 0
73 2269 0
73 2270 0
73 2271 0
73 2272 0
74 2111 0
74 2273 0
75 2274 0
75 2275 0
75 1956 0
75 2158 0
75 2276 0
75 2088 0
76 1997 0
76 2277 0
77 2278 0
77 2032 0
77 2033 0
77 2279 0
77 2280 0
78 2281 0
79 2281 0
80 2120 0
80 2121 0
80 2126 0
80 2128 0
81 2282 0
81 2283 0
81 2284 0
81 2285 0
81 2286 0
81 2287 0
81 2288 0
81 2289 0
82 2290 0
82 2291 0
82 2292 0
82 2293 0
82 2294 0
82 2295 0
83 2185 0
83 1971 0
83 2296 0
83 2297 0
84 2110 0
84 2231 0
84 2298 0
84 2299 0
84 2300 0
85 2301 0
85 1963 0
85 2235 0
85 2302 0
86 2303 0
86 2033 0
86 2304 0
87 2305 0
88 2306 0
88 2307 0
88 2030 0
88 2308 0
88 2309 0
88 2310 0
89 1997 0
89 2173 0
90 2061 0
90 2311 0
90 2312 0
90 2062 0
90 2313 0
90 2314 0
91 2046 0
92 2315 0
92 2316 0
93 2317 0
93 2011 0
93 2318 0
94 1952 0
94 1953 0
94 2051 0
94 2274 0
95 1989 0
95 2319 0
96 2268 0
96 2320 0
97 2321 0
97 2322 0
97 2323 0
97 2324 0
97 2166 0
97 2325 0
97 2076 0
97 2078 0
98 1948 0
98 2180 0
98 2165 0
99 2326 0
99 2256 0
99 2327 0
99 2328 0
99 1977 0
99 2329 0
99 2330 0
99 2331 0
100 1964 0
100 1965 0
100 2332 0
101 2333 0
101 2033 0
101 2334 0
102 2113 0
102 2335 0
103 2176 0
103 2326 0
103 2327 0
103 2328 0
103 2261 0
103 2262 0
103 2336 0
103 2337 0
103 2338 0
103 2206 0
103 2339 0
104 2234 0
66 2085 0
66 2340 0
66 1972 0
66 2341 0
66 2276 0
105 2338 0
105 2342 0
106 2188 0
106 1986 0
106 2161 0
106 2343 0
107 2019 0
107 2344 0
107 2345 0
107 2101 0
107 2346 0
107 2347 0
108 2348 0
108 2349 0
109 1988 0
110 2315 0
110 2296 0
110 2350 0
110 1939 0
110 1943 0
111 2069 0
111 2074 0
112 1959 0
113 2351 0
114 2352 0
114 2353 0
115 1997 0
115 2354 0
116 2250 0
116 2251 0
117 1957 0
118 2355 0
118 2356 0
118 2357 0
118 2071 0
118 2337 0
118 2358 0
118 2359 0
118 2360 0
119 2058 0
119 2361 0
120 2362 0
120 2216 0
120 2256 0
120 2363 0
120 2364 0
120 2168 0
121 2345 0
122 2365 0
122 2366 0
122 2344 0
122 2367 0
123 2368 0
124 2336 0
124 2369 0
124 2072 0
124 2025 0
124 2034 0
124 2370 0
124 2279 0
124 2371 0
124 2331 0
125 2372 0
125 2373 0
125 2374 0
125 2375 0
125 2376 0
125 2242 0
126 2377 0
127 2266 0
127 2378 0
127 2379 0
128 2380 0
128 2381 0
128 2382 0
128 2383 0
128 2384 0
128 2385 0
129 2031 0
129 2035 0
130 1948 0
130 2386 0
130 2316 0
131 1915 0
131 2057 0
132 2387 0
133 2388 0
134 2327 0
134 2389 0
134 2390 0
134 2391 0
134 2392 0
134 2393 0
134 2394 0
11 2377 0
11 2395 0
135 1969 0
135 1994 0
136 2137 0
136 2138 0
137 2174 0
137 2175 0
138 2040 0
139 1973 0
139 2396 0
139 2397 0
139 2069 0
139 2074 0
139 2398 0
140 2172 0
140 2379 0
140 2399 0
141 2086 0
141 1994 0
142 1997 0
142 2173 0
143 2239 0
143 2146 0
143 1995 0
143 2311 0
143 2240 0
143 2064 0
143 2241 0
144 2169 0
144 2291 0
144 2292 0
145 2267 0
145 2372 0
145 2374 0
145 2242 0
145 2375 0
146 2038 0
146 2151 0
147 2400 0
147 2401 0
148 2030 0
148 2032 0
149 2402 0
149 2056 0
149 1906 0
150 2403 0
151 2404 0
152 2321 0
152 2324 0
152 1908 0
152 1973 0
153 1910 0
153 1911 0
153 2405 0
154 2406 0
154 2269 0
154 2407 0
155 2154 0
155 2155 0
155 2408 0
156 2124 0
157 2348 0
157 2409 0
158 2410 0
159 2411 0
159 2412 0
160 1967 0
160 2413 0
160 2414 0
160 2085 0
160 2078 0
161 2415 0
11 2416 0
162 2417 0
162 2418 0
162 2419 0
163 2420 0
163 2217 0
163 2304 0
164 2283 0
164 2282 0
164 2184 0
164 2421 0
164 1958 0
164 2422 0
164 2423 0
165 2417 0
165 2418 0
165 2424 0
166 2203 0
166 2333 0
166 2425 0
167 2172 0
167 2204 0
167 2253 0
168 2426 0
168 2148 0
168 2206 0
168 2427 0
169 2165 0
170 1988 0
170 1970 0
170 2235 0
170 2428 0
171 1975 0
172 2386 0
172 2412 0
173 2429 0
173 2270 0
174 2245 0
175 2430 0
175 1922 0
176 2265 0
176 2159 0
176 2431 0
177 2329 0
177 2432 0
177 2433 0
178 2399 0
178 2434 0
179 2006 0
179 2010 0
179 2332 0
180 2435 0
181 2405 0
181 2436 0
181 2437 0
182 2296 0
182 2350 0
182 2297 0
182 2438 0
182 2439 0
183 2325 0
183 2440 0
184 2336 0
184 2072 0
184 2441 0
184 2442 0
185 1959 0
186 2443 0
187 2444 0
188 2157 0
188 2116 0
188 2445 0
189 2079 0
189 1999 0
189 2147 0
189 2446 0
190 2447 0
190 2152 0
191 2401 0
192 2186 0
193 1963 0
193 2085 0
193 2340 0
193 2448 0
194 1994 0
194 2449 0
194 2056 0
194 2110 0
194 2231 0
195 2429 0
195 1988 0
196 2073 0
196 2450 0
197 2292 0
198 2451 0
198 2452 0
198 2182 0
198 2453 0
198 2454 0
199 2451 0
199 2452 0
199 2182 0
199 2453 0
199 2454 0
200 2378 0
200 2455 0
201 2362 0
201 2456 0
201 2457 0
201 2364 0
202 2458 0
203 2232 0
203 2459 0
204 2256 0
204 2327 0
204 2328 0
204 2460 0
204 1923 0
204 2329 0
204 1977 0
204 2168 0
205 2201 0
205 1992 0
205 2447 0
205 1974 0
205 2047 0
206 2293 0
207 2198 0
207 2253 0
208 1972 0
208 2461 0
208 2087 0
208 2462 0
209 2307 0
209 1974 0
209 2047 0
209 2463 0
210 2411 0
211 2464 0
211 2035 0
211 2243 0
212 2330 0
212 2337 0
213 2177 0
214 2465 0
214 2466 0
214 2467 0
214 2468 0
215 2353 0
215 2434 0
215 2435 0
216 2248 0
217 2400 0
217 2411 0
217 2469 0
218 2110 0
218 2231 0
219 2401 0
220 2298 0
220 1924 0
221 2281 0
221 2470 0
221 2471 0
221 2214 0
222 2244 0
223 2472 0
224 2281 0
224 2470 0
224 2471 0
224 2214 0
224 1925 0
225 2140 0
225 2141 0
225 2473 0
226 2380 0
227 2474 0
228 2475 0
228 1997 0
228 2476 0
229 2477 0
230 2478 0
230 2479 0
230 2480 0
231 2238 0
231 2314 0
231 1995 0
232 2256 0
232 2420 0
232 2481 0
232 2482 0
232 2074 0
232 2483 0
233 2332 0
233 2484 0
234 2461 0
234 2485 0
235 2486 0
236 2261 0
236 2338 0
236 2075 0
237 2391 0
237 2487 0
237 2488 0
237 2454 0
238 2489 0
239 2490 0
239 2059 0
240 2005 0
241 2042 0
242 1988 0
243 2180 0
243 2313 0
244 2311 0
244 2312 0
244 2491 0
244 2492 0
244 2064 0
245 2023 0
245 2493 0
246 2253 0
246 2494 0
247 2292 0
247 2293 0
247 2294 0
247 2495 0
247 2295 0
247 2496 0
248 2268 0
248 2497 0
248 2498 0
249 2129 0
250 2148 0
250 2499 0
250 2500 0
250 2344 0
251 2194 0
251 2195 0
252 2467 0
252 2076 0
252 2501 0
252 2468 0
253 2502 0
254 2344 0
254 2503 0
255 1976 0
256 2484 0
256 2504 0
257 2033 0
258 2205 0
259 2038 0
259 2503 0
260 2238 0
261 2402 0
261 1986 0
262 2478 0
262 2505 0
263 1967 0
264 2215 0
265 2457 0
266 2506 0
266 2507 0
267 2344 0
268 2039 0
269 2245 0
270 2443 0
271 2046 0
272 2504 0
273 2410 0
274 2405 0
274 2508 0
274 2509 0
275 2426 0
275 2510 0
275 2148 0
275 2344 0
275 2206 0
276 2197 0
277 2165 0
278 2445 0
278 2388 0
279 2511 0
279 2512 0
279 2125 0
279 2513 0
280 2388 0
280 1921 0
281 2046 0
282 2370 0
282 2072 0
282 2331 0
283 2449 0
284 2514 0
284 2316 0
285 2515 0
286 2456 0
286 2329 0
287 2143 0
288 2255 0
288 2516 0
288 2258 0
289 2259 0
289 2260 0
289 2409 0
289 2253 0
290 2404 0
291 2056 0
291 1922 0
292 2513 0
293 2487 0
293 2517 0
293 2518 0
294 2519 0
294 2520 0
294 2142 0
295 2254 0
295 2432 0
295 2370 0
295 2257 0
295 2433 0
296 2521 0
297 2522 0
297 2523 0
298 2524 0
299 2525 0
299 2526 0
300 2205 0
301 2069 0
301 2075 0
301 2074 0
302 2225 0
302 2506 0
302 1986 0
303 2030 0
303 2131 0
303 2285 0
304 2297 0
305 2527 0
305 2528 0
305 2159 0
306 2529 0
307 2247 0
307 2530 0
308 2531 0
308 2532 0
309 1912 0
309 2436 0
309 2437 0
310 2533 0
311 2183 0
311 2376 0
311 2534 0
312 2535 0
312 2079 0
312 2536 0
313 2140 0
314 2141 0
315 2220 0
315 2425 0
316 2472 0
316 2537 0
317 2518 0
317 2538 0
317 2454 0
318 2413 0
318 2539 0
319 2329 0
319 2481 0
319 2482 0
319 2338 0
319 2075 0
319 2540 0
319 2331 0
320 2541 0
321 2089 0
321 2308 0
321 2184 0
321 1958 0
322 1912 0
322 2508 0
322 2509 0
323 2539 0
323 2542 0
323 2543 0
324 2356 0
324 2544 0
325 2200 0
326 2055 0
326 1993 0
326 2226 0
327 2216 0
327 2326 0
327 2545 0
328 2475 0
328 1997 0
328 2173 0
329 2196 0
330 2427 0
331 2065 0
332 2069 0
332 2074 0
332 2546 0
333 2233 0
333 2235 0
333 2547 0
334 2531 0
334 2184 0
335 2093 0
335 2094 0
335 2131 0
336 2548 0
337 2488 0
338 2549 0
339 2550 0
340 2551 0
340 2552 0
341 2505 0
342 2553 0
343 2022 0
343 2243 0
343 2554 0
343 2035 0
344 2516 0
345 2126 0
346 2129 0
347 2555 0
348 2164 0
348 2556 0
349 2350 0
349 2439 0
350 2557 0
350 2495 0
351 2558 0
352 2559 0
353 2560 0
354 2466 0
354 2344 0
354 2561 0
355 2562 0
356 2299 0
357 2192 0
358 2388 0
358 1921 0
359 2219 0
359 2416 0
359 2563 0
359 2033 0
360 2366 0
360 2529 0
361 2564 0
362 2565 0
363 2387 0
364 2566 0
364 2415 0
365 2567 0
366 2568 0
367 2569 0
368 2570 0
368 2571 0
368 2072 0
368 2336 0
368 2572 0
369 2573 0
370 2139 0
371 2368 0
372 1916 0
373 1985 0
373 2574 0
373 2575 0
374 2576 0
375 2577 0
376 2578 0
376 2579 0
377 2301 0
377 2580 0
378 2581 0
379 2110 0
379 2231 0
380 2080 0
381 2068 0
381 2582 0
382 2076 0
383 2583 0
384 2584 0
384 2127 0
384 2394 0
385 2585 0
386 1995 0
387 2586 0
388 2587 0
389 2490 0
389 2588 0
390 2511 0
391 2007 0
391 2161 0
392 2499 0
392 2148 0
392 2589 0
392 2344 0
393 2537 0
394 2590 0
395 1986 0
395 2591 0
395 1959 0
396 2327 0
77 2493 0
397 2592 0
397 2438 0
398 2335 0
399 2593 0
399 2594 0
400 2282 0
400 2478 0
401 2595 0
402 2163 0
402 2001 0
403 2408 0
404 2596 0
405 2597 0
406 2598 0
407 2588 0
407 2599 0
408 2128 0
409 2122 0
409 2600 0
410 2601 0
411 2056 0
412 2602 0
413 1968 0
413 2041 0
414 2041 0
415 2599 0
415 2603 0
416 2557 0
416 2604 0
417 2276 0
417 2602 0
418 2523 0
419 2152 0
420 2011 0
421 2605 0
421 2606 0
422 2414 0
422 2607 0
423 2341 0
424 2218 0
424 2253 0
425 2563 0
426 2608 0
427 2270 0
428 2485 0
428 2609 0
429 2610 0
430 2415 0
431 2457 0
431 2570 0
431 2572 0
432 2607 0
433 1955 0
434 2611 0
434 2612 0
434 2613 0
435 2568 0
435 2581 0
435 2614 0
436 1914 0
436 2296 0
436 2350 0
437 2615 0
438 2290 0
438 2609 0
439 2448 0
439 2580 0
440 2349 0
441 2616 0
442 2110 0
443 2011 0
443 2617 0
444 2375 0
444 2534 0
445 2618 0
445 1921 0
446 2355 0
446 2619 0
446 2620 0
447 1990 0
447 1980 0
448 2519 0
448 2520 0
449 2621 0
450 2303 0
450 2622 0
451 2191 0
451 1986 0
451 2623 0
452 2179 0
452 2151 0
453 2616 0
454 2624 0
455 2269 0
455 2574 0
455 2575 0
455 2625 0
455 2626 0
456 2459 0
456 2627 0
457 2619 0
457 2628 0
457 2629 0
457 2630 0
458 2025 0
458 2034 0
458 2132 0
458 2032 0
459 2304 0
459 2092 0
459 2631 0
459 2632 0
459 2633 0
460 2522 0
460 2184 0
461 2159 0
462 2634 0
462 2635 0
462 2636 0
462 2637 0
463 1973 0
463 2396 0
463 2398 0
464 2012 0
464 2027 0
465 2208 0
465 2547 0
465 2232 0
466 2061 0
467 2638 0
467 2639 0
468 2221 0
468 2444 0
469 2640 0
470 2641 0
471 2242 0
472 2216 0
472 2545 0
472 2326 0
473 2033 0
474 2209 0
474 2455 0
475 2117 0
475 2642 0
476 2643 0
477 1923 0
478 2062 0
479 2644 0
479 2645 0
479 2646 0
480 2639 0
480 2647 0
480 2648 0
480 2540 0
480 2649 0
481 2024 0
482 1999 0
483 2650 0
483 2651 0
484 2110 0
485 2645 0
485 2646 0
485 2647 0
485 2648 0
486 2631 0
486 2652 0
486 2653 0
486 2654 0
486 2655 0
487 2656 0
487 2635 0
487 2649 0
488 2092 0
488 2048 0
489 2132 0
489 2032 0
489 2133 0
489 2284 0
489 2381 0
489 2422 0
489 2611 0
489 2033 0
489 2096 0
490 2650 0
490 2651 0
491 2657 0
492 2658 0
493 2129 0
494 1959 0
494 2129 0
495 2129 0
496 1960 0
497 2553 0
498 2206 0
499 2193 0
500 1906 0
500 2060 0
501 2659 0
502 2660 0
502 2661 0
503 2473 0
503 2145 0
504 1921 0
505 2403 0
506 2662 0
506 2206 0
506 2344 0
507 2663 0
508 2664 0
508 2665 0
508 2081 0
509 2480 0
510 2558 0
511 2666 0
511 1932 0
512 2667 0
512 2668 0
512 2327 0
512 2669 0
513 2206 0
514 2670 0
515 2660 0
515 2661 0
516 2033 0
517 2671 0
517 2415 0
518 2080 0
519 2160 0
519 1909 0
520 2319 0
521 2119 0
522 2227 0
523 2162 0
524 2004 0
525 2063 0
526 2300 0
527 2476 0
528 2277 0
529 2112 0
530 2181 0
531 2190 0
532 2318 0
533 2167 0
534 2361 0
535 2187 0
536 2354 0
537 2085 0
538 2672 0
539 2673 0
539 2296 0
540 2306 0
541 2507 0
542 2278 0
543 2026 0
544 2038 0
545 2604 0
545 2674 0
545 2150 0
546 2662 0
547 2675 0
548 1959 0
549 1926 0
550 2469 0
551 1917 0
552 2676 0
553 2236 0
553 2548 0
554 2357 0
555 2551 0
555 2552 0
556 2677 0
556 2678 0
556 1967 0
557 2679 0
558 1982 0
558 2226 0
559 2262 0
559 2338 0
559 2546 0
559 2263 0
560 2512 0
561 2111 0
562 2680 0
563 2112 0
564 2150 0
565 2681 0
565 2682 0
565 1967 0
565 2440 0
566 2356 0
567 2330 0
567 2337 0
568 2056 0
569 1925 0
570 1927 0
571 2045 0
572 1978 0
573 2683 0
574 1928 0
574 2684 0
575 2685 0
576 2686 0
577 2277 0
578 2669 0
579 2687 0
580 2415 0
580 2688 0
580 2689 0
581 2014 0
582 2106 0
583 2076 0
584 2690 0
584 2691 0
585 2692 0
585 2452 0
586 2465 0
586 2693 0
587 2684 0
588 2262 0
588 2338 0
588 2694 0
589 1956 0
590 2066 0
590 2695 0
591 2696 0
592 2160 0
592 1909 0
593 2584 0
593 2697 0
594 2127 0
594 1906 0
595 2698 0
596 2699 0
597 2680 0
598 2114 0
599 2012 0
599 1929 0
599 2700 0
599 2017 0
600 2249 0
600 2701 0
600 2702 0
600 2703 0
600 2704 0
601 2037 0
601 2606 0
602 2705 0
603 2706 0
604 1967 0
604 2707 0
605 2039 0
606 2393 0
607 2352 0
608 2162 0
608 2000 0
609 2165 0
610 1971 0
611 2114 0
612 2430 0
613 2708 0
614 2126 0
615 2663 0
616 2129 0
616 1906 0
617 2709 0
618 1928 0
618 1930 0
618 2710 0
619 2052 0
620 2356 0
621 2695 0
622 2711 0
622 1926 0
622 2272 0
623 2063 0
624 1978 0
624 1929 0
625 2181 0
625 2240 0
626 2073 0
627 2551 0
628 2597 0
629 2334 0
630 2334 0
631 2189 0
632 1906 0
633 1956 0
633 2698 0
634 2585 0
635 2712 0
636 2071 0
636 2337 0
637 2556 0
638 2046 0
639 2167 0
640 2354 0
641 2237 0
642 2297 0
643 1976 0
644 2713 0
645 2126 0
646 2672 0
646 1946 0
647 2076 0
648 2714 0
648 2715 0
648 1967 0
648 2685 0
649 2008 0
649 2015 0
650 2489 0
651 2716 0
652 2565 0
653 2279 0
653 2422 0
653 2033 0
653 2153 0
654 2026 0
655 2147 0
655 2079 0
656 2318 0
657 2082 0
658 1971 0
658 2717 0
659 2041 0
660 2718 0
661 2460 0
661 2328 0
661 2168 0
662 2719 0
662 1908 0
663 2343 0
664 2577 0
665 2418 0
666 2720 0
667 2721 0
668 2440 0
669 2192 0
670 2722 0
670 2723 0
671 2624 0
672 2249 0
673 2013 0
673 2642 0
674 2666 0
675 1960 0
676 2724 0
677 2124 0
678 2166 0
678 2571 0
679 2725 0
679 2726 0
680 2727 0
681 2728 0
682 2569 0
683 2369 0
683 2371 0
684 2729 0
685 2555 0
686 1916 0
687 2687 0
687 2062 0
688 2119 0
689 2720 0
690 2004 0
691 2300 0
692 2325 0
693 2361 0
694 2082 0
695 2532 0
696 1905 0
697 2730 0
698 2530 0
699 2528 0
700 2182 0
700 2453 0
701 2148 0
701 2206 0
702 2171 0
703 2344 0
703 2365 0
704 2731 0
705 2725 0
705 2726 0
705 2732 0
705 2428 0
705 1967 0
706 1996 0
706 2064 0
707 2227 0
708 2476 0
709 2450 0
710 2320 0
710 2497 0
710 2498 0
710 2733 0
711 2148 0
711 2206 0
711 2734 0
712 2692 0
712 2452 0
713 1906 0
714 2008 0
715 2735 0
715 2329 0
716 2736 0
717 2677 0
717 2678 0
717 2727 0
717 2737 0
718 1925 0
719 2446 0
719 2079 0
719 1999 0
720 2462 0
720 2428 0
721 2373 0
721 2001 0
722 2524 0
723 2738 0
724 2046 0
725 2603 0
725 2605 0
726 2382 0
726 2612 0
726 2611 0
726 2384 0
727 1994 0
728 1980 0
729 2240 0
730 2114 0
731 1931 0
732 2688 0
732 2739 0
733 1963 0
733 2740 0
734 2741 0
734 2601 0
734 2742 0
735 2743 0
736 2578 0
737 1906 0
738 2744 0
739 2070 0
739 2450 0
740 2745 0
740 2118 0
741 2319 0
741 2000 0
742 2158 0
742 2116 0
743 2282 0
743 2746 0
744 2643 0
745 1917 0
746 2124 0
746 2125 0
747 2329 0
748 2076 0
749 2533 0
749 2747 0
750 2229 0
751 2486 0
752 2491 0
752 2492 0
753 2576 0
753 2228 0
754 1966 0
755 2190 0
756 2187 0
757 2170 0
758 2748 0
759 2748 0
760 1995 0
760 2002 0
761 2303 0
761 2638 0
762 2749 0
763 2750 0
764 2560 0
765 2751 0
766 2738 0
767 2445 0
768 2752 0
769 2672 0
770 2753 0
771 2072 0
772 2754 0
773 2477 0
774 2424 0
774 2197 0
775 1971 0
776 2282 0
776 2746 0
777 2033 0
778 1929 0
779 2095 0
780 2423 0
781 2450 0
782 2142 0
783 2452 0
685 2621 0
784 1906 0
784 2226 0
785 2755 0
785 1921 0
786 2087 0
787 2502 0
787 2541 0
788 2608 0
789 2275 0
789 2115 0
790 2752 0
791 2719 0
792 2329 0
793 2064 0
794 2628 0
794 2756 0
795 2222 0
795 2249 0
796 2595 0
797 2170 0
798 2685 0
799 2217 0
800 2182 0
801 2124 0
802 1991 0
802 2317 0
803 2510 0
804 1973 0
805 2013 0
806 2757 0
807 2363 0
808 2694 0
809 2303 0
809 2758 0
809 2210 0
810 2309 0
811 2423 0
812 2423 0
813 2618 0
813 2755 0
814 2627 0
815 2271 0
816 2622 0
817 2644 0
817 2758 0
818 2759 0
819 2590 0
819 2744 0
820 2760 0
821 2683 0
822 2615 0
823 2761 0
824 1918 0
825 1919 0
826 1920 0
827 2315 0
827 2762 0
828 2483 0
829 2759 0
830 2610 0
831 2530 0
832 2207 0
833 2327 0
833 1977 0
833 2330 0
833 2326 0
834 2452 0
835 2328 0
835 2326 0
836 2763 0
837 2424 0
838 1973 0
839 2048 0
839 2483 0
840 2719 0
841 2068 0
841 2057 0
841 2764 0
841 2726 0
842 2089 0
842 2184 0
843 2617 0
843 2765 0
844 2743 0
845 1931 0
846 2753 0
847 1977 0
847 2049 0
847 2766 0
848 1990 0
849 2614 0
849 2228 0
849 2760 0
850 2344 0
851 2642 0
852 2064 0
852 2003 0
853 2061 0
854 1979 0
854 2144 0
855 2011 0
856 2740 0
856 2742 0
857 2535 0
858 2706 0
859 2169 0
860 2327 0
860 2326 0
860 1977 0
861 1932 0
861 1939 0
862 2767 0
863 2329 0
864 2363 0
865 2645 0
866 2027 0
867 2761 0
868 2641 0
869 2091 0
869 2097 0
870 2090 0
870 2463 0
871 2030 0
872 1933 0
872 2768 0
873 2545 0
873 2327 0
874 2656 0
875 2769 0
876 2097 0
876 2223 0
877 2117 0
878 2632 0
878 2633 0
878 2770 0
878 2771 0
879 2772 0
879 2773 0
880 2634 0
881 2471 0
882 2634 0
883 2762 0
883 2774 0
884 1977 0
884 2329 0
884 2049 0
885 2775 0
886 1973 0
887 1973 0
888 1973 0
889 1973 0
890 2545 0
890 2776 0
890 2363 0
891 2540 0
891 2652 0
891 2653 0
891 2777 0
891 2778 0
891 2779 0
891 2780 0
892 2745 0
892 2003 0
893 2272 0
893 1926 0
893 2781 0
893 2782 0
894 1979 0
895 2783 0
896 2784 0
897 2050 0
898 2271 0
898 2275 0
898 2241 0
899 2785 0
900 2273 0
901 2273 0
902 1973 0
903 1932 0
904 2786 0
905 2517 0
905 2784 0
906 2667 0
907 2657 0
908 2658 0
909 2273 0
910 2284 0
910 2422 0
910 2381 0
910 2611 0
911 2775 0
912 2241 0
913 2273 0
914 2273 0
915 2133 0
915 2033 0
915 2611 0
915 2384 0
916 2783 0
917 2121 0
918 1933 0
919 2098 0
919 2286 0
920 2118 0
921 2309 0
922 2776 0
922 2329 0
922 2256 0
923 2027 0
924 2273 0
925 2095 0
926 2287 0
926 2285 0
927 2383 0
928 2273 0
929 1930 0
929 1947 0
930 2121 0
931 2769 0
932 2030 0
933 2275 0
933 2118 0
934 2273 0
935 1927 0
936 2769 0
937 2096 0
937 2135 0
938 2131 0
939 2697 0
940 2131 0
941 2787 0
942 2099 0
943 2381 0
943 2611 0
943 2284 0
943 2134 0
943 2032 0
943 2422 0
944 2288 0
945 2285 0
946 2093 0
947 2094 0
948 2197 0
949 2788 0
950 2365 0
951 2286 0
952 2098 0
953 2102 0
954 2287 0
955 2134 0
955 2032 0
955 2284 0
955 2286 0
955 2422 0
956 2383 0
957 2289 0
957 2093 0
958 2382 0
958 2612 0
959 2288 0
960 2286 0
960 2422 0
961 2289 0
962 2093 0
963 2099 0
964 2100 0
965 2789 0
966 2583 0
967 2790 0
968 2620 0
969 2791 0
969 2792 0
969 2793 0
970 2674 0
971 2794 0
972 2629 0
972 2794 0
973 2580 0
974 1949 0
975 1924 0
975 2795 0
976 2721 0
977 2356 0
978 2640 0
979 2589 0
979 2796 0
979 2344 0
980 2750 0
981 2100 0
21 2797 0
982 2664 0
982 2798 0
983 1938 0
983 1941 0
983 1944 0
984 1925 0
985 1934 0
986 1977 0
986 2766 0
986 2329 0
987 1973 0
988 2799 0
989 2800 0
990 2193 0
991 2801 0
991 2802 0
992 1967 0
992 2801 0
993 2803 0
993 2804 0
994 1967 0
994 2803 0
995 2737 0
995 2805 0
996 2805 0
996 1967 0
997 2806 0
997 2807 0
998 1967 0
998 2806 0
999 2808 0
999 2809 0
1000 2808 0
1000 1967 0
1001 2810 0
1001 2811 0
1002 1963 0
1002 2810 0
1003 1967 0
1003 2812 0
1003 2813 0
1004 2811 0
1004 2812 0
1004 2813 0
1005 2322 0
1005 2323 0
1005 2802 0
1006 2714 0
1006 2715 0
1006 2804 0
1007 1967 0
1007 2814 0
1007 2815 0
1008 2807 0
1008 2814 0
1008 2815 0
1009 2681 0
1009 2682 0
1009 2809 0
1010 2816 0
1011 2816 0
1012 2817 0
1013 2148 0
1014 2206 0
1015 2148 0
1016 2148 0
1017 2206 0
1018 2148 0
1019 2500 0
1019 1921 0
1020 2344 0
1020 1921 0
1021 2500 0
1021 2796 0
1022 2589 0
1022 1921 0
1023 2344 0
1023 1921 0
1024 1925 0
1025 1934 0
1026 2800 0
1027 2526 0
1028 2818 0
1028 2181 0
1028 2761 0
1029 2181 0
1030 2712 0
1030 2236 0
1031 2110 0
1032 2110 0
1033 2623 0
1034 2121 0
1035 2009 0
1036 2172 0
1036 2204 0
1036 2494 0
1036 2690 0
1037 2032 0
1038 2033 0
1039 2033 0
1040 2033 0
1041 2033 0
1042 2032 0
1043 2033 0
1044 2114 0
1045 2819 0
1045 2756 0
1046 2819 0
1046 2630 0
1047 2820 0
1047 2773 0
1048 2772 0
1048 2820 0
1048 2773 0
1049 2657 0
1050 2821 0
1051 2821 0
1052 2821 0
1052 2236 0
1053 2822 0
1054 2773 0
1055 2657 0
1056 2751 0
1057 2822 0
1058 2236 0
1058 2822 0
1059 2356 0
1060 2356 0
1061 2356 0
1062 2356 0
1063 2344 0
1064 2344 0
1065 2514 0
1065 2412 0
1066 2058 0
1067 2123 0
1068 1986 0
1069 1986 0
1069 2823 0
1070 2590 0
1071 1929 0
1072 1929 0
1072 2017 0
1073 1929 0
1074 2111 0
1075 2754 0
1076 2824 0
1076 1921 0
1077 2388 0
1077 2824 0
1077 2825 0
1078 2826 0
1079 2825 0
1079 1921 0
1080 2827 0
1080 2828 0
1081 1921 0
1081 2827 0
1082 2829 0
1082 2388 0
1083 1921 0
1083 2829 0
1084 1921 0
1084 2828 0
1085 1921 0
1085 2388 0
1086 1921 0
1086 2388 0
1087 1921 0
1088 2562 0
1088 2830 0
1089 2830 0
1090 2831 0
1091 2831 0
1092 2832 0
1093 2832 0
1094 2536 0
1095 2206 0
1096 1999 0
1097 2147 0
1098 2833 0
1099 2833 0
1100 2147 0
1101 2147 0
1101 2079 0
1102 2230 0
1102 2592 0
1102 2439 0
1103 2582 0
1103 2596 0
1104 1906 0
1105 2749 0
1105 2342 0
1106 2834 0
1106 2342 0
1107 2342 0
1108 2342 0
1109 2665 0
1110 2835 0
1111 2081 0
1112 1906 0
1112 1960 0
1113 2818 0
1114 1948 0
1115 1906 0
1116 2835 0
1117 2835 0
1118 1948 0
1118 2165 0
1118 2761 0
1119 2165 0
1120 1960 0
1120 2836 0
1121 1906 0
1122 2060 0
1122 2042 0
1123 2042 0
1124 1906 0
1124 2060 0
1125 1973 0
1126 1973 0
1127 1973 0
1128 1973 0
1129 1973 0
1130 1973 0
1131 1973 0
1132 1973 0
1133 1973 0
1133 2397 0
1133 1938 0
1134 1973 0
1135 1973 0
1136 1973 0
1137 1973 0
1138 1973 0
1139 1973 0
1140 1973 0
1141 1973 0
1142 1973 0
1143 1973 0
1144 1973 0
1145 1973 0
1145 2396 0
1146 2837 0
1147 2837 0
1148 2368 0
1149 2344 0
1149 2365 0
1150 2365 0
1151 2032 0
1152 1935 0
1153 1935 0
1154 1925 0
1155 1935 0
1156 1935 0
1157 1925 0
1158 2566 0
1158 2739 0
1159 2591 0
1160 2795 0
1160 2838 0
1161 2838 0
1162 2407 0
1162 2625 0
1162 2626 0
1163 1906 0
1164 2415 0
1164 2739 0
1165 2671 0
1166 2294 0
1167 2223 0
1167 2224 0
1168 2224 0
1169 2839 0
1170 2840 0
1170 2841 0
1171 1995 0
1172 1995 0
1173 2717 0
1173 2728 0
1174 2765 0
1175 1955 0
1175 1986 0
1176 2765 0
1176 1986 0
1177 1906 0
1178 2538 0
1179 2390 0
1180 2389 0
1180 2121 0
1180 2842 0
1181 2328 0
1181 2326 0
1182 2328 0
1183 2735 0
1184 2777 0
1184 2778 0
1184 2843 0
1185 2246 0
1186 2564 0
1187 2732 0
1188 2513 0
1189 2747 0
1189 2844 0
1190 2844 0
1190 2845 0
1191 2232 0
1191 2699 0
1191 1994 0
1191 2845 0
1192 2033 0
1193 2001 0
1194 2001 0
1195 2846 0
1196 2846 0
1197 2847 0
1198 2000 0
1199 2000 0
1200 1906 0
1201 2457 0
1202 2441 0
1202 2457 0
1202 2442 0
1203 2153 0
1204 2033 0
1205 2422 0
1206 2381 0
1207 2381 0
1207 2134 0
1208 2381 0
1208 2611 0
1208 2284 0
1208 2422 0
1208 2134 0
1208 2032 0
1209 2284 0
1209 2134 0
1209 2032 0
1210 2422 0
1211 2422 0
1211 2286 0
1212 2134 0
1212 2286 0
1212 2422 0
1213 2206 0
1213 2344 0
1214 2718 0
1215 2848 0
1215 2730 0
1216 2351 0
1217 2691 0
1218 2841 0
1219 2421 0
1219 2184 0
1220 2739 0
1221 2739 0
1222 2839 0
1223 2839 0
1224 2786 0
1225 2849 0
1226 2047 0
1227 2047 0
1228 2310 0
1228 2103 0
1229 1936 0
1230 1936 0
1231 2686 0
1232 2731 0
1233 2327 0
1233 2328 0
1233 2850 0
1234 2851 0
1235 2852 0
1236 2834 0
1237 2167 0
1237 2853 0
1238 2798 0
1239 2854 0
1240 2368 0
1241 2368 0
1242 2368 0
1243 2206 0
1243 2579 0
1244 2206 0
1244 2579 0
1245 2579 0
1246 2579 0
1247 2855 0
1248 2856 0
1249 2855 0
1249 2857 0
1250 2857 0
1251 2858 0
1252 1937 0
1253 2229 0
1254 2859 0
1254 2860 0
1255 2859 0
1256 2861 0
1256 2129 0
1257 2862 0
1258 2863 0
1259 2864 0
1259 2865 0
1260 2860 0
1261 1975 0
1262 2866 0
1263 2525 0
1264 2867 0
1265 2867 0
1266 2868 0
1266 2789 0
1267 1967 0
1268 2438 0
1269 2785 0
1269 2438 0
1270 1937 0
1271 1937 0
1272 1937 0
1273 2854 0
1274 2014 0
1275 1975 0
1276 2869 0
1277 2870 0
1278 2865 0
1278 2344 0
1279 2863 0
1280 2871 0
1281 1975 0
1282 2872 0
1282 2388 0
1283 1975 0
1284 2552 0
1285 2129 0
1285 2873 0
1285 2874 0
1286 2874 0
1287 2272 0
1288 2875 0
1288 2270 0
1289 2151 0
1290 2876 0
1291 2877 0
1291 2675 0
1292 2767 0
1293 2696 0
1294 1995 0
1295 2878 0
1296 2878 0
1297 2718 0
1298 2879 0
1299 2879 0
1300 2344 0
1301 2129 0
1302 2344 0
1303 2344 0
1304 2344 0
1305 2344 0
1306 2344 0
1307 2344 0
1308 2861 0
1309 2864 0
1310 2344 0
1310 2365 0
1311 2637 0
1312 2129 0
1313 2344 0
1313 2365 0
1314 2285 0
1315 2149 0
1316 2149 0
1317 2791 0
1317 2150 0
1318 2719 0
1319 2590 0
1320 2150 0
1320 2880 0
1321 2769 0
1322 2881 0
1322 2882 0
1323 2883 0
1324 2884 0
1325 2636 0
1325 2637 0
1326 2823 0
1327 2339 0
1328 2339 0
1329 2144 0
1330 2654 0
1330 2655 0
1330 2771 0
1330 2843 0
1331 2649 0
1332 2770 0
1333 2779 0
1333 2780 0
1334 2530 0
1335 2129 0
1336 2763 0
1337 2206 0
1338 2573 0
1339 2713 0
1340 2885 0
1341 2885 0
1342 2885 0
1343 2072 0
1343 2336 0
1344 2886 0
1344 2336 0
1345 2886 0
1345 2336 0
1346 2886 0
1347 2887 0
1348 2172 0
1349 2172 0
1350 2693 0
1351 2673 0
1352 2365 0
1353 2888 0
1354 2888 0
1355 2706 0
1356 2431 0
1357 2406 0
1358 2172 0
1359 2358 0
1360 2046 0
1361 2129 0
1362 2870 0
1362 2889 0
1362 2890 0
1363 2891 0
1364 2892 0
1365 2892 0
1366 2724 0
1367 2893 0
1368 2707 0
1368 2893 0
1369 2600 0
1370 2894 0
1371 2392 0
1372 2392 0
1373 2392 0
1374 2392 0
1375 2392 0
1376 2392 0
1377 2842 0
1378 2842 0
1379 2567 0
1379 2129 0
1379 2848 0
1380 2567 0
1380 2129 0
1380 2848 0
1381 2129 0
1382 2129 0
1383 2129 0
1384 2891 0
1384 2129 0
1384 2895 0
1385 2895 0
1386 2891 0
1386 2129 0
1387 2129 0
1388 2129 0
1389 2129 0
1390 2129 0
1391 2842 0
1392 2842 0
1393 2896 0
1393 2037 0
1393 2038 0
1394 2896 0
1394 2178 0
1395 2668 0
1396 2668 0
1397 2444 0
1398 2129 0
1398 2897 0
1399 2129 0
1399 2898 0
1400 2898 0
1401 2897 0
1402 2129 0
1403 2129 0
1404 2871 0
1405 2871 0
1405 2899 0
1406 2871 0
1406 2129 0
1407 2899 0
1407 2129 0
1407 2900 0
1408 2900 0
1409 2894 0
1410 2129 0
1411 2129 0
1412 2129 0
1413 2129 0
1414 2129 0
1415 2129 0
1416 2129 0
1417 2129 0
1418 2129 0
1419 2861 0
1420 2129 0
1421 2344 0
1422 2129 0
1423 2129 0
1424 2129 0
1425 2501 0
1426 2901 0
1427 2902 0
1428 2733 0
1429 2903 0
1430 2359 0
1431 2904 0
1432 2419 0
1433 2145 0
1434 2826 0
1435 2102 0
1436 2102 0
1437 2346 0
1438 2346 0
1439 2347 0
1440 2347 0
91 2139 0
1441 2303 0
1442 2905 0
1443 2905 0
1444 2906 0
1445 2907 0
1446 2214 0
1446 2429 0
1446 2088 0
1446 2908 0
1446 2909 0
1446 2733 0
1447 2229 0
1448 2151 0
1448 2910 0
1449 2360 0
1450 2911 0
1451 2363 0
1452 2256 0
1453 2774 0
1453 2910 0
1454 2453 0
1455 2102 0
1456 2483 0
1457 2880 0
1457 2881 0
1458 2882 0
1458 2912 0
1459 2912 0
1460 2912 0
1460 2913 0
1461 2913 0
1461 2676 0
1462 2883 0
1462 2914 0
1463 2914 0
1463 2877 0
1464 2915 0
1465 2915 0
1466 2916 0
1467 2916 0
1468 2793 0
1469 2083 0
1470 2083 0
1471 2790 0
1472 2792 0
1473 2009 0
1473 2173 0
1473 2917 0
1474 2917 0
1475 2173 0
1476 2173 0
1477 2173 0
1478 2173 0
1479 2173 0
1480 2173 0
1481 2741 0
1482 2634 0
1483 2634 0
1484 2182 0
1485 2527 0
1485 2159 0
1486 2918 0
1487 2918 0
1488 2850 0
1489 2851 0
1490 2919 0
1491 1967 0
1491 2852 0
1492 2920 0
1493 1967 0
1494 2078 0
1494 2921 0
1495 2921 0
1495 2922 0
1496 2922 0
1496 2479 0
1497 2396 0
1498 2397 0
1498 1938 0
1499 1938 0
1499 2397 0
1499 2923 0
1500 1938 0
1500 2397 0
1501 2397 0
1502 2009 0
1503 2876 0
1504 2924 0
1505 2924 0
1505 2925 0
1506 2925 0
1506 2926 0
1507 2926 0
1507 1967 0
1508 1967 0
1508 2927 0
1509 2927 0
1509 2928 0
1510 2928 0
1510 2929 0
1511 2929 0
1511 1967 0
1512 1967 0
1512 2930 0
1513 2930 0
1513 2931 0
1514 2931 0
1514 2932 0
1515 2932 0
1515 1967 0
1516 1967 0
1517 2856 0
1517 2858 0
1518 2933 0
1519 2933 0
1520 2870 0
1520 2890 0
1521 2934 0
1521 2870 0
1522 2934 0
1523 2869 0
1524 2889 0
1525 2919 0
1526 2935 0
1527 2935 0
1527 1967 0
1528 2920 0
1529 2936 0
1530 2936 0
1530 1967 0
1531 1975 0
1532 1975 0
1533 2937 0
1533 2938 0
1534 2050 0
1534 1967 0
1535 2939 0
1536 2939 0
1536 2940 0
1537 1967 0
1538 2940 0
1538 1967 0
1539 2706 0
1540 2706 0
1541 2706 0
1542 2868 0
1543 2941 0
1544 2941 0
1545 2860 0
1546 2873 0
1547 2860 0
1548 2866 0
1549 2866 0
1550 2296 0
1551 2344 0
1552 2344 0
1553 2942 0
1554 2942 0
1554 2943 0
1555 2943 0
1556 2944 0
1557 2944 0
1558 2872 0
1559 2872 0
1559 2388 0
1560 2872 0
1560 2388 0
1561 2388 0
1562 2711 0
1563 1926 0
1563 2272 0
1564 2272 0
1564 1926 0
1565 2782 0
1566 2781 0
1566 1998 0
1567 1998 0
1567 2272 0
1567 1926 0
1568 1926 0
1569 1975 0
1570 2945 0
1571 2945 0
1572 2875 0
1572 2946 0
1573 2270 0
1573 2946 0
1574 2167 0
1575 2853 0
1575 2798 0
1576 2344 0
1577 2947 0
1578 2452 0
1579 2659 0
1580 2561 0
1581 2561 0
1582 2561 0
1583 2901 0
1584 2415 0
1585 1932 0
1586 2902 0
1587 2129 0
1588 1909 0
1589 2862 0
1590 2923 0
1591 1938 0
1591 2840 0
1591 1944 0
1592 1908 0
1593 2334 0
1594 2130 0
1595 1918 0
1596 2903 0
1597 2904 0
1598 2360 0
1599 2948 0
1600 2849 0
1600 2949 0
1601 2949 0
1601 2948 0
1602 2911 0
1603 2950 0
1604 2950 0
1605 2295 0
1606 1925 0
1607 1925 0
1608 1935 0
1609 1935 0
1610 1925 0
1611 1925 0
1612 1925 0
1613 2235 0
1613 2302 0
1613 2951 0
1614 2736 0
1615 2613 0
1615 2385 0
1616 2817 0
1617 2729 0
1618 2297 0
1619 2841 0
1620 2840 0
1621 2952 0
1622 2952 0
1623 2953 0
1624 2953 0
1625 2954 0
1626 2954 0
1627 2836 0
1628 2705 0
1629 2705 0
1630 2705 0
1631 2955 0
1632 2955 0
1632 2956 0
1633 2956 0
1633 2957 0
1634 2957 0
1635 2938 0
1636 2938 0
1637 2937 0
1637 2958 0
1637 2344 0
1638 2958 0
1639 2958 0
1640 2862 0
1641 2862 0
1641 2129 0
1641 2959 0
1642 2959 0
1643 2862 0
1644 2862 0
1645 2955 0
1645 2960 0
1646 2344 0
1647 2344 0
1648 2960 0
1649 2344 0
1650 2398 0
1651 2229 0
1652 2549 0
1653 2310 0
1653 2103 0
1654 2310 0
1654 2103 0
1655 2310 0
1655 2103 0
1656 2841 0
1657 1935 0
1658 1935 0
1659 2961 0
1660 2961 0
1660 2962 0
1661 2963 0
1662 2963 0
1663 2496 0
1664 2496 0
1664 2768 0
1665 2962 0
1666 2710 0
1667 2951 0
1668 2197 0
1669 2739 0
1669 2415 0
1670 2398 0
1671 2398 0
1672 2398 0
1673 2367 0
1674 2367 0
1675 2659 0
1676 2964 0
1677 2964 0
1678 2905 0
1679 2787 0
1680 2788 0
1681 1955 0
1682 1945 0
1683 1940 0
1683 2018 0
1683 1942 0
1684 1940 0
1684 1943 0
1685 1942 0
1686 1942 0
1687 2018 0
1688 1939 0
1689 2764 0
1690 2764 0
1691 1941 0
1692 2637 0
1693 1941 0
1693 1943 0
1694 2693 0
1695 2104 0
1696 2104 0
1697 2598 0
1698 2406 0
1699 1944 0
1700 1944 0
1701 1944 0
1702 1945 0
1703 2689 0
1704 2965 0
1705 1946 0
1706 1947 0
1707 2710 0
1708 2966 0
1709 2967 0
1710 2968 0
1711 2968 0
1712 2969 0
1713 2970 0
1714 2971 0
1715 2530 0
1716 2972 0
1717 2973 0
1718 2974 0
1719 2975 0
1720 2976 0
1721 2977 0
1722 2978 0
1722 2977 0
1723 2030 0
1724 2979 0
1725 2980 0
1726 2981 0
1726 2982 0
1727 2982 0
1727 2983 0
1728 2984 0
1729 2985 0
1729 2986 0
1730 2987 0
1730 2986 0
1730 2988 0
1731 2987 0
1731 2988 0
1731 2989 0
1732 2990 0
1732 2991 0
1732 2992 0
1732 2993 0
1732 2422 0
1732 2032 0
1733 2033 0
1733 2994 0
1734 2611 0
1734 2995 0
1735 2612 0
1736 2983 0
1737 2991 0
1738 2996 0
1738 2611 0
1738 2422 0
1739 2983 0
1739 2032 0
1739 2422 0
1740 2991 0
1741 2996 0
1742 2983 0
1743 2422 0
1744 2991 0
1745 2996 0
1746 2996 0
1746 2611 0
1746 2990 0
1747 2983 0
1747 2032 0
1747 2990 0
1748 2048 0
1749 2483 0
1750 2997 0
1751 2998 0
1752 2999 0
1752 3000 0
1753 3001 0
1754 3002 0
1755 3001 0
1756 3003 0
1757 3000 0
1758 3003 0
1759 3000 0
1760 2973 0
1761 3002 0
1762 2986 0
1762 2979 0
1763 2033 0
1764 2031 0
1765 2033 0
1766 3004 0
1767 2031 0
1768 2979 0
1769 2033 0
1770 2033 0
1771 3004 0
1772 2979 0
1773 2033 0
1774 3005 0
1774 2611 0
1775 3005 0
1776 3006 0
1777 2306 0
1778 2033 0
1779 2243 0
1779 3007 0
1779 2035 0
1779 3008 0
1780 2032 0
1781 2969 0
1782 2033 0
1783 2032 0
1784 2334 0
1785 2032 0
1786 2035 0
1786 2243 0
1786 3009 0
1787 3010 0
1788 3011 0
1789 3010 0
1790 3012 0
1791 3013 0
1792 3007 0
1792 2025 0
1793 2981 0
1793 2997 0
1793 2998 0
1793 2996 0
1793 2992 0
1793 2984 0
1793 2986 0
1793 2030 0
1793 3006 0
1794 2982 0
1794 2092 0
1794 3000 0
1794 2966 0
1794 2993 0
1794 2987 0
1794 2975 0
1794 2978 0
1794 2980 0
1794 3014 0
1794 2989 0
1794 3015 0
1794 2704 0
1795 2701 0
1795 2999 0
1795 3002 0
1795 2991 0
1795 2994 0
1795 2995 0
1796 3001 0
1796 3003 0
1796 3014 0
1797 2702 0
1798 2967 0
1798 2968 0
1798 2969 0
1799 2977 0
1799 2703 0
1800 2979 0
1800 2983 0
1800 2990 0
1800 2988 0
1800 2985 0
1801 2970 0
1801 3010 0
1801 3011 0
1801 2249 0
1802 2971 0
1802 3012 0
1802 3013 0
1803 2422 0
1804 2153 0
1805 3016 0
1805 3017 0
1806 3018 0
1807 2032 0
1808 2611 0
1809 3019 0
1810 3020 0
1811 2152 0
1812 1979 0
1813 3021 0
1814 2365 0
1815 3019 0
1816 3020 0
1817 3017 0
1818 3015 0
1819 2985 0
1819 2979 0
1820 2306 0
93 1904 0
285 1907 0
1821 1908 0
1822 1973 0
1813 1979 0
1780 2030 0
1764 2035 0
323 2067 0
301 2068 0
881 2068 0
323 2077 0
1823 2088 0
1824 2101 0
1708 2091 0
1825 2126 0
1826 2128 0
957 2135 0
1827 2178 0
1393 2178 0
1823 2214 0
399 2282 0
1828 2305 0
1762 2030 0
1829 2206 0
1830 2344 0
1831 2356 0
1776 2025 0
1832 2380 0
881 2057 0
96 2406 0
1833 2422 0
1737 2422 0
1834 2422 0
1835 2422 0
1836 2418 0
1823 2429 0
17 2458 0
1837 2464 0
841 2471 0
399 2478 0
2 2515 0
1838 2521 0
96 2527 0
1839 2536 0
1840 2539 0
1841 2542 0
670 2543 0
1831 2544 0
38 2550 0
211 2554 0
1842 2559 0
276 2368 0
1843 2586 0
1809 2587 0
400 2593 0
400 2594 0
1748 2092 0
147 2659 0
1844 2670 0
1845 2038 0
1394 2038 0
1846 2679 0
1847 2700 0
1726 2701 0
1750 2702 0
1848 2249 0
1849 2249 0
1818 2703 0
1850 2704 0
1851 2708 0
1852 2709 0
1853 2716 0
1822 2722 0
1854 2723 0
881 2726 0
1716 2530 0
701 2734 0
13 2423 0
1855 2757 0
1856 2483 0
1577 2452 0
881 2764 0
38 2545 0
1857 2797 0
1858 2799 0
1859 2847 0
1860 2884 0
1861 2887 0
1823 2733 0
1862 2906 0
1863 2907 0
1864 2908 0
1823 2909 0
1578 2947 0
1 2768 0
1709 2966 0
1710 2967 0
1712 2968 0
1787 2970 0
1848 2970 0
1790 2971 0
1848 2971 0
11 2972 0
1760 2972 0
11 2973 0
1718 2973 0
101 2974 0
1719 2974 0
1865 2974 0
1720 2975 0
101 2976 0
1721 2976 0
1866 2977 0
1725 2978 0
1723 2977 0
1724 2030 0
1867 2979 0
1868 2980 0
1727 2981 0
1869 2982 0
1870 2982 0
1871 2983 0
1730 2984 0
1872 2985 0
1873 2986 0
1874 2987 0
1875 2986 0
1876 2988 0
1877 2987 0
1878 2988 0
1879 2989 0
1737 2990 0
1746 2991 0
1733 2992 0
1728 2993 0
1776 2032 0
1732 2033 0
1734 2994 0
1733 2611 0
1735 2995 0
1734 2612 0
1880 2983 0
1738 2991 0
1739 2996 0
1737 2611 0
1746 2422 0
1835 2983 0
1738 2032 0
1741 2991 0
1742 2996 0
1743 2983 0
1742 2422 0
1745 2991 0
1881 2996 0
1747 2996 0
1732 2611 0
1738 2990 0
1882 2983 0
1746 2032 0
1739 2990 0
1749 2048 0
1883 2483 0
1751 2997 0
1884 2998 0
1753 2999 0
1756 3000 0
1754 3001 0
1755 3002 0
1761 3001 0
1757 3003 0
1758 3000 0
1759 3003 0
1885 3000 0
1886 3002 0
1887 2986 0
1888 2979 0
1767 2033 0
101 3004 0
1889 3004 0
1890 2979 0
1803 2033 0
1891 3004 0
31 3005 0
1808 3005 0
1892 2611 0
1893 3005 0
1732 3006 0
1786 3008 0
1713 2969 0
1788 3010 0
1848 3010 0
1789 3011 0
1848 3011 0
1714 3010 0
1791 3012 0
1848 3012 0
1715 3013 0
1848 3013 0
1894 3014 0
1895 3015 0
1896 2985 0
1897 2979 0
1803 2153 0
31 3016 0
1817 3016 0
1898 3017 0
1899 3017 0
31 3018 0
1807 3018 0
1774 2032 0
31 3019 0
1810 3019 0
1900 3020 0
1811 3020 0
1812 2152 0
88 3021 0
1901 3021 0
1775 2365 0
1816 3019 0
1805 3020 0
1902 3017 0
1903 2306 0
