1 -1.1412384914492
2 -1.1412384914492
3 -1.1412384914492
4 0.374183535985301
5 -1.1412384914492
6 0.32348751010231
7 -1.1412384914492
8 1.80143896580606
9 1.77968153136962
10 2.16002597435119
11 -0.0136662380627685
12 -1.1412384914492
13 0.0358391729000166
14 -1.1412384914492
15 0.0510538348056703
16 -1.1412384914492
17 -1.1412384914492
18 0.73451388093873
19 0.00376744101417854
20 0.303037579592979
21 -1.1412384914492
22 -1.1412384914492
23 -0.0488629388449986
24 -0.198133102695427
25 2.30334097037002
26 0.115588509029403
27 2.16002597435119
28 -0.0509219758890436
29 -1.1412384914492
30 -1.1412384914492
31 -1.1412384914492
32 -0.168166379394267
33 0.261520639204343
34 -1.1412384914492
35 0.0221485070400251
36 -1.1412384914492
37 -1.1412384914492
38 -1.1412384914492
39 -0.219217931346136
40 -1.1412384914492
41 3.56690131868494
42 0.465579047526272
43 0.220023303405976
44 0.00909236239295317
45 0.152721778181984
46 -1.1412384914492
47 -1.1412384914492
48 0.547010082648491
49 -0.214203593558227
50 -1.1412384914492
51 -0.219185856928425
52 -0.160794955404623
53 -0.16664782618795
54 0.547010082648491
55 -1.1412384914492
56 -1.1412384914492
57 -1.1412384914492
58 -1.1412384914492
59 -0.200681591243687
60 0.73451388093873
61 -1.1412384914492
62 -1.1412384914492
63 0.547010082648491
64 -1.1412384914492
65 -1.1412384914492
66 0.0212527638357232
67 -0.0831746638945062
68 2.26681538540665
69 -1.1412384914492
70 -1.1412384914492
71 0.319736825633544
72 -1.1412384914492
73 -1.1412384914492
74 -1.1412384914492
75 -0.121013364820781
76 -0.092581156972466
77 -1.1412384914492
78 -1.1412384914492
79 -1.1412384914492
80 0.145291435863457
81 -0.202210058553105
82 -1.1412384914492
83 -1.1412384914492
84 0.0200581751245962
85 -0.214203593558227
86 -0.0136662380627685
87 -1.1412384914492
88 0.547010082648491
89 -0.195841142550345
90 -1.1412384914492
91 -1.1412384914492
92 -0.182762397193587
93 -0.160217353111261
94 0.0851638664905839
95 -0.163941910001113
96 -1.1412384914492
97 -1.1412384914492
98 -1.1412384914492
99 0.0200581751245962
100 1.57454871615315
101 -0.0136662380627685
102 -0.128905622879956
103 -1.1412384914492
104 -0.162289167234146
105 -0.150683960226852
106 0.0323486025289001
107 0.0840787354947913
108 -0.203045281454684
109 -1.1412384914492
110 1.17147153214136
111 -1.1412384914492
112 -1.1412384914492
113 -0.120963612287318
114 -1.1412384914492
115 -0.0758511571274934
116 0.5122301636839
117 0.5122301636839
118 -0.196647685600788
119 0.0358391729000166
120 -0.150683960226852
121 -0.012665252218773
122 -1.1412384914492
123 -1.1412384914492
124 -0.142985526659678
125 -1.1412384914492
126 -1.1412384914492
127 -1.1412384914492
128 0.303037579592979
129 -0.219185856928425
130 -0.180533350390241
131 0.73451388093873
132 1.80143896580606
133 -1.1412384914492
134 -0.182144401736011
135 0.32348751010231
136 -1.1412384914492
137 -1.1412384914492
138 -0.168548106018367
139 -1.1412384914492
140 0.319736825633544
141 0.0212527638357232
142 -0.214615044486092
143 -1.1412384914492
144 -1.1412384914492
145 1.95328674641511
146 -1.1412384914492
147 -0.167337856334125
148 -0.219185856928425
149 -0.0651717051651615
150 -1.1412384914492
151 -1.1412384914492
152 -0.13790741836578
153 0.0851638664905839
154 -1.1412384914492
155 -0.0819373285595864
156 0.5122301636839
157 -0.152188991040416
158 -1.1412384914492
159 -1.1412384914492
160 -1.1412384914492
161 -1.1412384914492
162 0.0358391729000166
163 -1.1412384914492
164 -1.1412384914492
165 -1.1412384914492
166 0.547010082648491
167 -0.00412596791123663
168 -1.1412384914492
169 -1.1412384914492
170 -1.1412384914492
171 -1.1412384914492
172 -1.1412384914492
173 -1.1412384914492
174 1.1847193264993
175 -1.1412384914492
176 0.438324525211033
177 -1.1412384914492
178 -1.1412384914492
179 1.57454871615315
180 -1.1412384914492
181 0.0275203959773358
182 -1.1412384914492
183 -1.1412384914492
184 -1.1412384914492
185 -1.1412384914492
186 -0.232654975681581
187 -1.1412384914492
188 -1.1412384914492
189 -1.1412384914492
190 -0.216407314575917
191 -0.180533350390241
192 0.400536545328053
193 -1.1412384914492
194 1.77968153136962
195 -1.1412384914492
196 -1.1412384914492
197 -1.1412384914492
198 -1.1412384914492
199 -1.1412384914492
200 2.34096766259413
201 2.71789043036372
202 -1.1412384914492
203 0.0212527638357232
204 0.295861668375062
205 -0.236820287509816
206 -1.1412384914492
207 -1.1412384914492
208 -1.1412384914492
209 -1.1412384914492
210 3.52172046386741
211 -1.1412384914492
212 -1.1412384914492
213 -1.1412384914492
214 -1.1412384914492
215 -1.1412384914492
216 -1.1412384914492
217 3.83769373132102
218 -1.1412384914492
219 -0.160794955404623
220 -1.1412384914492
221 -0.186627682465927
222 -1.1412384914492
223 -1.1412384914492
224 -0.120963612287318
225 -1.1412384914492
226 -1.1412384914492
227 -1.1412384914492
228 -0.092581156972466
229 -1.1412384914492
230 -1.1412384914492
231 -1.1412384914492
232 -0.217169362215069
233 1.89649190141304
234 -1.1412384914492
235 -1.1412384914492
236 -1.1412384914492
237 -0.15085937201105
238 -1.1412384914492
239 -1.1412384914492
240 -1.1412384914492
241 -1.1412384914492
242 -1.1412384914492
243 -0.156772084520867
244 -1.1412384914492
245 0.547010082648491
246 -1.1412384914492
247 -0.223570024537186
248 -1.1412384914492
249 -1.1412384914492
250 -1.1412384914492
251 -1.1412384914492
252 -1.1412384914492
253 -1.1412384914492
254 -1.1412384914492
255 -1.1412384914492
256 6.56086900884943
257 -1.1412384914492
258 -1.1412384914492
259 -1.1412384914492
260 -1.1412384914492
261 -1.1412384914492
262 -1.1412384914492
263 -1.1412384914492
264 -1.1412384914492
265 -1.1412384914492
266 0.909163452116202
267 0.0555543317827991
268 -1.1412384914492
269 -1.1412384914492
270 -1.1412384914492
271 -0.160794955404623
272 -1.1412384914492
273 -1.1412384914492
274 -1.1412384914492
275 -0.098247935451832
276 -1.1412384914492
277 -0.186627682465927
278 -1.1412384914492
279 -0.176856449893126
280 0.0275203959773358
281 -1.1412384914492
282 -0.203045281454684
283 -1.1412384914492
284 -0.156772084520867
285 -1.1412384914492
286 -1.1412384914492
287 -1.1412384914492
288 -1.1412384914492
289 -1.1412384914492
290 -1.1412384914492
291 -0.0764276843934706
292 -1.1412384914492
293 -0.15085937201105
294 -1.1412384914492
295 -0.217971335341755
296 -1.1412384914492
297 -1.1412384914492
298 -1.1412384914492
299 -0.129874948650613
300 -1.1412384914492
301 -1.1412384914492
302 -1.1412384914492
303 -0.168548106018367
304 -1.1412384914492
305 -1.1412384914492
306 -1.1412384914492
307 -1.1412384914492
308 -1.1412384914492
309 2.10865091060108
310 -0.214203593558227
311 -0.167178689315252
312 -1.1412384914492
313 -1.1412384914492
314 -1.1412384914492
315 0.547010082648491
316 -0.0866444037296023
317 -1.1412384914492
318 -1.1412384914492
319 -1.1412384914492
320 -1.1412384914492
321 0.547010082648491
322 -1.1412384914492
323 -1.1412384914492
324 -1.1412384914492
325 -0.0090809241332514
326 -0.0270042184286563
327 1.30937054790961
328 -1.1412384914492
329 -1.1412384914492
330 -0.098247935451832
331 -1.1412384914492
332 -1.1412384914492
333 -0.16664782618795
334 -1.1412384914492
335 -1.1412384914492
336 -1.1412384914492
337 -0.15085937201105
338 -1.1412384914492
339 -1.1412384914492
340 -1.1412384914492
341 -0.173098588675993
342 -1.1412384914492
343 -1.1412384914492
344 -0.0758511571274934
345 -1.1412384914492
346 -1.1412384914492
347 -1.1412384914492
348 0.0221485070400251
349 0.333071285215439
350 -1.1412384914492
351 -1.1412384914492
352 -1.1412384914492
353 -0.12715554370193
354 -1.1412384914492
355 -1.1412384914492
356 -0.223684036880596
357 -1.1412384914492
358 -1.1412384914492
359 -0.225275740116638
360 0.231716448184954
361 -1.1412384914492
362 -1.1412384914492
363 -1.1412384914492
364 -1.1412384914492
365 -1.1412384914492
366 -1.1412384914492
367 -1.1412384914492
368 -1.1412384914492
369 0.00972174799470239
370 -1.1412384914492
371 -1.1412384914492
372 -1.1412384914492
373 -1.1412384914492
374 0.00972174799470239
375 -1.1412384914492
376 0.0131992370818368
377 -1.1412384914492
378 -0.223624794636503
379 -1.1412384914492
380 -1.1412384914492
381 -1.1412384914492
382 -1.1412384914492
383 -1.1412384914492
384 -0.237138946151117
385 -1.1412384914492
386 -1.1412384914492
387 -1.1412384914492
388 -1.1412384914492
389 -1.1412384914492
390 -0.162289167234146
391 1.14670891367478
392 -1.1412384914492
393 -1.1412384914492
394 -0.039238325175219
395 -1.1412384914492
396 -1.1412384914492
397 -1.1412384914492
398 0.119071024618476
399 -1.1412384914492
400 -1.1412384914492
401 -1.1412384914492
402 -0.119325958671907
403 -1.1412384914492
404 0.5122301636839
405 -1.1412384914492
406 -1.1412384914492
407 -1.1412384914492
408 -1.1412384914492
409 -1.1412384914492
410 -1.1412384914492
411 -1.1412384914492
412 -1.1412384914492
413 -1.1412384914492
414 -1.1412384914492
415 -1.1412384914492
416 -0.219653414429243
417 -1.1412384914492
418 -1.1412384914492
419 -1.1412384914492
420 -1.1412384914492
421 -1.1412384914492
422 -1.1412384914492
423 -1.1412384914492
424 0.547010082648491
425 -1.1412384914492
426 0.547010082648491
427 -0.0189252469043403
428 -1.1412384914492
429 -1.1412384914492
430 -1.1412384914492
431 -1.1412384914492
432 -1.1412384914492
433 -0.228332570682924
434 -1.1412384914492
435 -0.159650881322661
436 -0.226144803897977
437 -1.1412384914492
438 -1.1412384914492
439 -1.1412384914492
440 -0.203045281454684
441 -1.1412384914492
442 -1.1412384914492
443 -1.1412384914492
444 1.95328674641511
445 -1.1412384914492
446 -1.1412384914492
447 -1.1412384914492
448 -1.1412384914492
449 -1.1412384914492
450 0.547010082648491
451 -0.223684036880596
452 -1.1412384914492
453 -1.1412384914492
454 -1.1412384914492
455 0.581914825861314
456 -1.1412384914492
457 -0.196647685600788
458 -1.1412384914492
459 -0.232993107895705
460 -1.1412384914492
461 -1.1412384914492
462 -1.1412384914492
463 -1.1412384914492
464 -1.1412384914492
465 -0.16664782618795
466 -1.1412384914492
467 -0.0090809241332514
468 -0.215480105502359
469 -0.098247935451832
470 -1.1412384914492
471 -0.0090809241332514
472 0.532942130540586
473 -0.219185856928425
474 0.264508338459374
475 -1.1412384914492
476 -1.1412384914492
477 -1.1412384914492
478 -1.1412384914492
479 0.220852460474103
480 0.220852460474103
481 -1.1412384914492
482 -0.110285768991958
483 -1.1412384914492
484 -1.1412384914492
485 -1.1412384914492
486 -1.1412384914492
487 -1.1412384914492
488 -1.1412384914492
489 -0.109774946741264
490 -1.1412384914492
491 -1.1412384914492
492 -1.1412384914492
493 -1.1412384914492
494 -1.1412384914492
495 -1.1412384914492
496 -1.1412384914492
497 -1.1412384914492
498 -1.1412384914492
499 -1.1412384914492
500 -1.1412384914492
501 -1.1412384914492
502 -1.1412384914492
503 -1.1412384914492
504 -1.1412384914492
505 -0.225275740116638
506 -1.1412384914492
507 -1.1412384914492
508 -1.1412384914492
509 -0.142495095520505
510 -1.1412384914492
511 -1.1412384914492
512 0.45239391746466
513 -1.1412384914492
514 -1.1412384914492
515 -1.1412384914492
516 -0.214203593558227
517 -1.1412384914492
518 -1.1412384914492
519 -1.1412384914492
520 -1.1412384914492
521 -1.1412384914492
522 -1.1412384914492
523 -1.1412384914492
524 -1.1412384914492
525 -1.1412384914492
526 -1.1412384914492
527 -1.1412384914492
528 -1.1412384914492
529 -1.1412384914492
530 -1.1412384914492
531 -1.1412384914492
532 -1.1412384914492
533 -1.1412384914492
534 -1.1412384914492
535 -1.1412384914492
536 -1.1412384914492
537 -1.1412384914492
538 -1.1412384914492
539 -1.1412384914492
540 -1.1412384914492
541 -1.1412384914492
542 -0.225275740116638
543 -1.1412384914492
544 -1.1412384914492
545 -0.219653414429243
546 -0.187268508890458
547 -0.128225614036091
548 -1.1412384914492
549 -1.1412384914492
550 -0.222162797608095
551 -1.1412384914492
552 -1.1412384914492
553 -1.1412384914492
554 -1.1412384914492
555 -1.1412384914492
556 -1.1412384914492
557 -1.1412384914492
558 0.288452297437502
559 -1.1412384914492
560 -1.1412384914492
561 -1.1412384914492
562 -1.1412384914492
563 -1.1412384914492
564 -1.1412384914492
565 -1.1412384914492
566 -1.1412384914492
567 -1.1412384914492
568 -0.220936952324497
569 -0.194931746143202
570 -1.1412384914492
571 -1.1412384914492
572 -1.1412384914492
573 -1.1412384914492
574 -1.1412384914492
575 -1.1412384914492
576 -1.1412384914492
577 -1.1412384914492
578 -1.1412384914492
579 -1.1412384914492
580 -1.1412384914492
581 -1.1412384914492
582 -1.1412384914492
583 -0.232084822412942
584 -1.1412384914492
585 -1.1412384914492
586 -1.1412384914492
587 -1.1412384914492
588 -1.1412384914492
589 -1.1412384914492
590 -1.1412384914492
591 -1.1412384914492
592 -1.1412384914492
593 1.14623537903872
594 -1.1412384914492
595 -1.1412384914492
596 0.00376744101417854
597 -1.1412384914492
598 -1.1412384914492
599 -1.1412384914492
600 -1.1412384914492
601 -1.1412384914492
602 -1.1412384914492
603 -1.1412384914492
604 -1.1412384914492
605 -1.1412384914492
606 -1.1412384914492
607 0.0551711003651454
608 -1.1412384914492
609 -0.186627682465927
610 -1.1412384914492
611 -1.1412384914492
612 0.775682109012852
613 -1.1412384914492
614 -1.1412384914492
615 -1.1412384914492
616 -1.1412384914492
617 -1.1412384914492
618 -1.1412384914492
619 -1.1412384914492
620 0.49111280320461
621 -1.1412384914492
622 -1.1412384914492
623 -1.1412384914492
624 -1.1412384914492
625 -1.1412384914492
626 -1.1412384914492
627 -1.1412384914492
628 -1.1412384914492
629 -1.1412384914492
630 -1.1412384914492
631 -1.1412384914492
632 -1.1412384914492
633 -1.1412384914492
634 -1.1412384914492
635 -0.206155236182194
636 -0.214203593558227
637 -1.1412384914492
638 -1.1412384914492
639 -1.1412384914492
640 -1.1412384914492
641 -1.1412384914492
642 -1.1412384914492
643 -0.039238325175219
644 -1.1412384914492
645 -1.1412384914492
646 -1.1412384914492
647 -1.1412384914492
648 -1.1412384914492
649 -1.1412384914492
650 -0.163941910001113
651 -1.1412384914492
652 -0.219217931346136
653 -1.1412384914492
654 -1.1412384914492
655 -1.1412384914492
656 -1.1412384914492
657 -1.1412384914492
658 -1.1412384914492
659 -1.1412384914492
660 -1.1412384914492
661 -0.106371286542272
662 -1.1412384914492
663 0.0323486025289001
664 -1.1412384914492
665 -1.1412384914492
666 -1.1412384914492
667 -1.1412384914492
668 0.152721778181984
669 -1.1412384914492
670 -1.1412384914492
671 -1.1412384914492
672 -1.1412384914492
673 -1.1412384914492
674 -1.1412384914492
675 -1.1412384914492
676 -1.1412384914492
677 -1.1412384914492
678 -1.1412384914492
679 -1.1412384914492
680 -1.1412384914492
681 -1.1412384914492
682 0.0358391729000166
683 -1.1412384914492
684 -1.1412384914492
685 -1.1412384914492
686 -1.1412384914492
687 -1.1412384914492
688 -1.1412384914492
689 -1.1412384914492
690 -1.1412384914492
691 -1.1412384914492
692 -1.1412384914492
693 -1.1412384914492
694 -1.1412384914492
695 -1.1412384914492
696 -1.1412384914492
697 -1.1412384914492
698 -1.1412384914492
699 -1.1412384914492
700 -1.1412384914492
701 -1.1412384914492
702 -1.1412384914492
703 0.00909236239295317
704 -1.1412384914492
705 -1.1412384914492
706 -0.207290937125296
707 -1.1412384914492
708 -1.1412384914492
709 -1.1412384914492
710 -1.1412384914492
711 -1.1412384914492
712 -1.1412384914492
713 -1.1412384914492
714 0.0551711003651454
715 -1.1412384914492
716 -1.1412384914492
717 -1.1412384914492
718 -1.1412384914492
719 -1.1412384914492
720 -1.1412384914492
721 -1.1412384914492
722 -0.196647685600788
723 -1.1412384914492
724 -1.1412384914492
725 -1.1412384914492
726 -1.1412384914492
727 1.77968153136962
728 -1.1412384914492
729 -1.1412384914492
730 -1.1412384914492
731 -1.1412384914492
732 -1.1412384914492
733 -1.1412384914492
734 -1.1412384914492
735 -1.1412384914492
736 -1.1412384914492
737 -1.1412384914492
738 -1.1412384914492
739 -1.1412384914492
740 -1.1412384914492
741 -1.1412384914492
742 -1.1412384914492
743 -1.1412384914492
744 -1.1412384914492
745 -1.1412384914492
746 0.0496516593213296
747 -1.1412384914492
748 -1.1412384914492
749 -1.1412384914492
750 -1.1412384914492
751 -1.1412384914492
752 -1.1412384914492
753 -1.1412384914492
754 0.465579047526272
755 -1.1412384914492
756 -1.1412384914492
757 -1.1412384914492
758 -1.1412384914492
759 -1.1412384914492
760 -1.1412384914492
761 0.547010082648491
762 -1.1412384914492
763 -0.219231011493452
764 -1.1412384914492
765 -1.1412384914492
766 -1.1412384914492
767 -0.210866709886865
768 -1.1412384914492
769 -1.1412384914492
770 -1.1412384914492
771 -1.1412384914492
772 -1.1412384914492
773 -1.1412384914492
774 -1.1412384914492
775 -1.1412384914492
776 -0.223058520457624
777 -1.1412384914492
778 -1.1412384914492
779 -1.1412384914492
780 -1.1412384914492
781 -1.1412384914492
782 -1.1412384914492
783 -1.1412384914492
784 -0.123904122773226
785 -1.1412384914492
786 2.33790391440512
787 -1.1412384914492
788 -0.0090809241332514
789 -1.1412384914492
790 -1.1412384914492
791 -1.1412384914492
792 -1.1412384914492
793 -1.1412384914492
794 -0.196647685600788
795 0.547010082648491
796 -1.1412384914492
797 -1.1412384914492
798 -1.1412384914492
799 -1.1412384914492
800 -1.1412384914492
801 -1.1412384914492
802 -1.1412384914492
803 0.0555543317827991
804 -1.1412384914492
805 -1.1412384914492
806 -1.1412384914492
807 -1.1412384914492
808 -1.1412384914492
809 0.547010082648491
810 -1.1412384914492
811 -1.1412384914492
812 -1.1412384914492
813 -1.1412384914492
814 -1.1412384914492
815 -1.1412384914492
816 -0.0090809241332514
817 -0.0090809241332514
818 -1.1412384914492
819 -1.1412384914492
820 -1.1412384914492
821 -1.1412384914492
822 -1.1412384914492
823 -1.1412384914492
824 -1.1412384914492
825 -1.1412384914492
826 -1.1412384914492
827 -1.1412384914492
828 -1.1412384914492
829 -1.1412384914492
830 -1.1412384914492
831 -1.1412384914492
832 -1.1412384914492
833 0.740919594270506
834 -1.1412384914492
835 -1.1412384914492
836 -1.1412384914492
837 0.0358391729000166
838 -1.1412384914492
839 -1.1412384914492
840 -1.1412384914492
841 -1.1412384914492
842 -1.1412384914492
843 0.288452297437502
844 -1.1412384914492
845 -1.1412384914492
846 -1.1412384914492
847 -1.1412384914492
848 -0.219231011493452
849 -1.1412384914492
850 0.0555543317827991
851 -1.1412384914492
852 -1.1412384914492
853 -1.1412384914492
854 -1.1412384914492
855 -1.1412384914492
856 -1.1412384914492
857 -1.1412384914492
858 -1.1412384914492
859 -1.1412384914492
860 -1.1412384914492
861 -1.1412384914492
862 -1.1412384914492
863 -1.1412384914492
864 -1.1412384914492
865 -1.1412384914492
866 -1.1412384914492
867 -1.1412384914492
868 -1.1412384914492
869 -1.1412384914492
870 -1.1412384914492
871 -1.1412384914492
872 -1.1412384914492
873 -1.1412384914492
874 -1.1412384914492
875 -1.1412384914492
876 -1.1412384914492
877 -0.222829792855266
878 -1.1412384914492
879 -1.1412384914492
880 -1.1412384914492
881 -1.1412384914492
882 -1.1412384914492
883 -1.1412384914492
884 -1.1412384914492
885 -1.1412384914492
886 -1.1412384914492
887 -1.1412384914492
888 -1.1412384914492
889 -1.1412384914492
890 -1.1412384914492
891 -1.1412384914492
892 -1.1412384914492
893 -1.1412384914492
894 -1.1412384914492
895 -0.15085937201105
896 -0.15085937201105
897 -1.1412384914492
898 -1.1412384914492
899 -1.1412384914492
900 -1.1412384914492
901 -1.1412384914492
902 -1.1412384914492
903 -1.1412384914492
904 -1.1412384914492
905 0.143550056123418
906 -0.149801157006652
907 -1.1412384914492
908 -1.1412384914492
909 -1.1412384914492
910 -1.1412384914492
911 -1.1412384914492
912 -1.1412384914492
913 -1.1412384914492
914 -1.1412384914492
915 -1.1412384914492
916 0.507804368701842
917 -0.236820287509816
918 -1.1412384914492
919 -1.1412384914492
920 -1.1412384914492
921 -1.1412384914492
922 -1.1412384914492
923 -1.1412384914492
924 -1.1412384914492
925 -1.1412384914492
926 -1.1412384914492
927 -1.1412384914492
928 -1.1412384914492
929 -1.1412384914492
930 -0.236820287509816
931 -1.1412384914492
932 -1.1412384914492
933 -1.1412384914492
934 -1.1412384914492
935 -1.1412384914492
936 -1.1412384914492
937 -1.1412384914492
938 -1.1412384914492
939 1.14623537903872
940 -1.1412384914492
941 -1.1412384914492
942 -1.1412384914492
943 -1.1412384914492
944 -1.1412384914492
945 -1.1412384914492
946 -1.1412384914492
947 -1.1412384914492
948 -1.1412384914492
949 -1.1412384914492
950 -1.1412384914492
951 -1.1412384914492
952 -1.1412384914492
953 -1.1412384914492
954 -1.1412384914492
955 -1.1412384914492
956 -1.1412384914492
957 -1.1412384914492
958 -1.1412384914492
959 -1.1412384914492
960 -1.1412384914492
961 -1.1412384914492
962 -1.1412384914492
963 -1.1412384914492
964 -1.1412384914492
965 -1.1412384914492
966 -1.1412384914492
967 -1.1412384914492
968 -1.1412384914492
969 -1.1412384914492
970 -1.1412384914492
971 -1.1412384914492
972 -1.1412384914492
973 -1.1412384914492
974 -1.1412384914492
975 -1.1412384914492
976 -1.1412384914492
977 -1.1412384914492
978 -0.203045281454684
979 -0.18418049443091
980 -1.1412384914492
981 -1.1412384914492
982 -1.1412384914492
983 -0.156772084520867
984 -1.1412384914492
985 -1.1412384914492
986 -1.1412384914492
987 -1.1412384914492
988 -1.1412384914492
989 -1.1412384914492
990 -1.1412384914492
991 -1.1412384914492
992 -1.1412384914492
993 -0.237512634586804
994 -1.1412384914492
995 -1.1412384914492
996 -1.1412384914492
997 -1.1412384914492
998 -1.1412384914492
999 -1.1412384914492
1000 -1.1412384914492
1001 -1.1412384914492
1002 -1.1412384914492
1003 -1.1412384914492
1004 -1.1412384914492
1005 -1.1412384914492
1006 -1.1412384914492
1007 -1.1412384914492
1008 -1.1412384914492
1009 -1.1412384914492
1010 -1.1412384914492
1011 -1.1412384914492
1012 -1.1412384914492
1013 -1.1412384914492
1014 -0.203045281454684
1015 -0.203045281454684
1016 -0.098247935451832
1017 -1.1412384914492
1018 -1.1412384914492
1019 -1.1412384914492
1020 -1.1412384914492
1021 -1.1412384914492
1022 -0.18418049443091
1023 -1.1412384914492
1024 -1.1412384914492
1025 -1.1412384914492
1026 -1.1412384914492
1027 -1.1412384914492
1028 -1.1412384914492
1029 -1.1412384914492
1030 -1.1412384914492
1031 -1.1412384914492
1032 -1.1412384914492
1033 -0.223684036880596
1034 1.14623537903872
1035 -0.180533350390241
1036 -1.1412384914492
1037 -1.1412384914492
1038 -1.1412384914492
1039 -0.219185856928425
1040 -1.1412384914492
1041 -0.219185856928425
1042 -1.1412384914492
1043 -1.1412384914492
1044 -1.1412384914492
1045 -1.1412384914492
1046 -1.1412384914492
1047 -1.1412384914492
1048 -1.1412384914492
1049 -1.1412384914492
1050 -1.1412384914492
1051 -1.1412384914492
1052 -1.1412384914492
1053 -1.1412384914492
1054 -1.1412384914492
1055 -1.1412384914492
1056 -1.1412384914492
1057 -1.1412384914492
1058 -1.1412384914492
1059 -1.1412384914492
1060 -1.1412384914492
1061 -1.1412384914492
1062 -1.1412384914492
1063 -1.1412384914492
1064 -1.1412384914492
1065 -0.163616065395698
1066 0.0358391729000166
1067 -0.092581156972466
1068 -1.1412384914492
1069 3.19081931503573
1070 -1.1412384914492
1071 -1.1412384914492
1072 -1.1412384914492
1073 -1.1412384914492
1074 -1.1412384914492
1075 -1.1412384914492
1076 -1.1412384914492
1077 -1.1412384914492
1078 -1.1412384914492
1079 -1.1412384914492
1080 -0.121014323101287
1081 -1.1412384914492
1082 -1.1412384914492
1083 -0.182762397193587
1084 -1.1412384914492
1085 -1.1412384914492
1086 -1.1412384914492
1087 -0.217971335341755
1088 -1.1412384914492
1089 -0.0958402387155482
1090 -1.1412384914492
1091 -1.1412384914492
1092 -1.1412384914492
1093 -1.1412384914492
1094 0.730205082004216
1095 -1.1412384914492
1096 -1.1412384914492
1097 -1.1412384914492
1098 -1.1412384914492
1099 -1.1412384914492
1100 -1.1412384914492
1101 -0.179376068753472
1102 -1.1412384914492
1103 -1.1412384914492
1104 -1.1412384914492
1105 -1.1412384914492
1106 -1.1412384914492
1107 -1.1412384914492
1108 -1.1412384914492
1109 -1.1412384914492
1110 -1.1412384914492
1111 -1.1412384914492
1112 -1.1412384914492
1113 -1.1412384914492
1114 -1.1412384914492
1115 1.21408452255488
1116 0.0826108417143824
1117 -1.1412384914492
1118 -1.1412384914492
1119 -1.1412384914492
1120 -1.1412384914492
1121 -1.1412384914492
1122 -1.1412384914492
1123 -1.1412384914492
1124 -1.1412384914492
1125 -1.1412384914492
1126 -1.1412384914492
1127 -1.1412384914492
1128 -1.1412384914492
1129 -1.1412384914492
1130 -1.1412384914492
1131 -1.1412384914492
1132 -1.1412384914492
1133 -1.1412384914492
1134 -1.1412384914492
1135 -1.1412384914492
1136 -1.1412384914492
1137 -1.1412384914492
1138 -1.1412384914492
1139 -1.1412384914492
1140 -1.1412384914492
1141 -1.1412384914492
1142 -1.1412384914492
1143 -1.1412384914492
1144 -1.1412384914492
1145 -1.1412384914492
1146 -1.1412384914492
1147 -1.1412384914492
1148 -1.1412384914492
1149 -1.1412384914492
1150 -1.1412384914492
1151 -1.1412384914492
1152 -1.1412384914492
1153 -1.1412384914492
1154 -1.1412384914492
1155 -1.1412384914492
1156 -1.1412384914492
1157 -1.1412384914492
1158 -1.1412384914492
1159 -0.156503370878069
1160 -1.1412384914492
1161 -1.1412384914492
1162 -1.1412384914492
1163 -0.105579689593745
1164 -0.199604956749445
1165 -1.1412384914492
1166 -1.1412384914492
1167 -1.1412384914492
1168 -1.1412384914492
1169 -1.1412384914492
1170 0.0551711003651454
1171 -1.1412384914492
1172 -1.1412384914492
1173 -0.0136662380627685
1174 1.80143896580606
1175 -1.1412384914492
1176 -1.1412384914492
1177 -0.216611657649168
1178 -0.15085937201105
1179 1.14623537903872
1180 1.14623537903872
1181 -1.1412384914492
1182 -1.1412384914492
1183 -1.1412384914492
1184 -1.1412384914492
1185 -1.1412384914492
1186 -1.1412384914492
1187 -1.1412384914492
1188 -1.1412384914492
1189 -1.1412384914492
1190 -1.1412384914492
1191 0.0212527638357232
1192 -1.1412384914492
1193 -1.1412384914492
1194 -1.1412384914492
1195 -1.1412384914492
1196 -1.1412384914492
1197 -1.1412384914492
1198 -1.1412384914492
1199 -1.1412384914492
1200 -1.1412384914492
1201 -1.1412384914492
1202 -1.1412384914492
1203 -1.1412384914492
1204 -0.109774946741264
1205 -1.1412384914492
1206 -1.1412384914492
1207 -1.1412384914492
1208 -1.1412384914492
1209 -1.1412384914492
1210 -1.1412384914492
1211 -1.1412384914492
1212 -1.1412384914492
1213 -1.1412384914492
1214 -1.1412384914492
1215 -1.1412384914492
1216 -1.1412384914492
1217 -1.1412384914492
1218 -1.1412384914492
1219 -1.1412384914492
1220 -1.1412384914492
1221 -1.1412384914492
1222 -1.1412384914492
1223 -1.1412384914492
1224 -1.1412384914492
1225 -1.1412384914492
1226 -1.1412384914492
1227 -1.1412384914492
1228 -1.1412384914492
1229 -1.1412384914492
1230 -1.1412384914492
1231 -1.1412384914492
1232 -0.00371198600427003
1233 -0.00371198600427003
1234 -0.232084822412942
1235 -1.1412384914492
1236 -1.1412384914492
1237 -1.1412384914492
1238 -1.1412384914492
1239 -1.1412384914492
1240 -1.1412384914492
1241 -1.1412384914492
1242 -1.1412384914492
1243 -1.1412384914492
1244 -1.1412384914492
1245 -1.1412384914492
1246 -1.1412384914492
1247 -1.1412384914492
1248 -1.1412384914492
1249 -1.1412384914492
1250 -1.1412384914492
1251 -1.1412384914492
1252 -1.1412384914492
1253 -1.1412384914492
1254 -1.1412384914492
1255 -1.1412384914492
1256 -1.1412384914492
1257 -1.1412384914492
1258 -1.1412384914492
1259 -1.1412384914492
1260 -1.1412384914492
1261 -1.1412384914492
1262 -1.1412384914492
1263 -1.1412384914492
1264 -1.1412384914492
1265 -1.1412384914492
1266 -1.1412384914492
1267 -1.1412384914492
1268 -1.1412384914492
1269 -1.1412384914492
1270 -1.1412384914492
1271 -1.1412384914492
1272 -1.1412384914492
1273 -1.1412384914492
1274 -1.1412384914492
1275 -1.1412384914492
1276 -0.0136662380627685
1277 -1.1412384914492
1278 -1.1412384914492
1279 -1.1412384914492
1280 -1.1412384914492
1281 -1.1412384914492
1282 -1.1412384914492
1283 -1.1412384914492
1284 -1.1412384914492
1285 -1.1412384914492
1286 -1.1412384914492
1287 -1.1412384914492
1288 -1.1412384914492
1289 -1.1412384914492
1290 -1.1412384914492
1291 -1.1412384914492
1292 -1.1412384914492
1293 -1.1412384914492
1294 -1.1412384914492
1295 -1.1412384914492
1296 -1.1412384914492
1297 -1.1412384914492
1298 -1.1412384914492
1299 -1.1412384914492
1300 -1.1412384914492
1301 -1.1412384914492
1302 -1.1412384914492
1303 -0.213333855160273
1304 0.0895220866650527
1305 0.00909236239295317
1306 -0.092581156972466
1307 -0.092581156972466
1308 -1.1412384914492
1309 -1.1412384914492
1310 -1.1412384914492
1311 -1.1412384914492
1312 -1.1412384914492
1313 -1.1412384914492
1314 -1.1412384914492
1315 -1.1412384914492
1316 -1.1412384914492
1317 -1.1412384914492
1318 -1.1412384914492
1319 -1.1412384914492
1320 -1.1412384914492
1321 -1.1412384914492
1322 -1.1412384914492
1323 -1.1412384914492
1324 -1.1412384914492
1325 -1.1412384914492
1326 -1.1412384914492
1327 -1.1412384914492
1328 -1.1412384914492
1329 -1.1412384914492
1330 -1.1412384914492
1331 -1.1412384914492
1332 -1.1412384914492
1333 -1.1412384914492
1334 -1.1412384914492
1335 -1.1412384914492
1336 -1.1412384914492
1337 -1.1412384914492
1338 -1.1412384914492
1339 -1.1412384914492
1340 -1.1412384914492
1341 -1.1412384914492
1342 -1.1412384914492
1343 -1.1412384914492
1344 -1.1412384914492
1345 -1.1412384914492
1346 -1.1412384914492
1347 -1.1412384914492
1348 -1.1412384914492
1349 -1.1412384914492
1350 -1.1412384914492
1351 -1.1412384914492
1352 -1.1412384914492
1353 -1.1412384914492
1354 -1.1412384914492
1355 -1.1412384914492
1356 -1.1412384914492
1357 -1.1412384914492
1358 -1.1412384914492
1359 -1.1412384914492
1360 -1.1412384914492
1361 -1.1412384914492
1362 -0.0136662380627685
1363 -1.1412384914492
1364 -1.1412384914492
1365 -1.1412384914492
1366 -1.1412384914492
1367 -1.1412384914492
1368 -1.1412384914492
1369 -1.1412384914492
1370 -1.1412384914492
1371 -0.236820287509816
1372 -0.236820287509816
1373 -0.236820287509816
1374 -0.236820287509816
1375 -0.236820287509816
1376 -0.236820287509816
1377 1.14623537903872
1378 -1.1412384914492
1379 -1.1412384914492
1380 -1.1412384914492
1381 -1.1412384914492
1382 -1.1412384914492
1383 -1.1412384914492
1384 -1.1412384914492
1385 -1.1412384914492
1386 -1.1412384914492
1387 -1.1412384914492
1388 -1.1412384914492
1389 -1.1412384914492
1390 -1.1412384914492
1391 1.14623537903872
1392 -1.1412384914492
1393 -1.1412384914492
1394 -1.1412384914492
1395 0.0123485046316648
1396 0.0123485046316648
1397 -0.215480105502359
1398 -1.1412384914492
1399 -1.1412384914492
1400 -1.1412384914492
1401 -1.1412384914492
1402 -1.1412384914492
1403 -1.1412384914492
1404 -1.1412384914492
1405 -1.1412384914492
1406 -1.1412384914492
1407 -1.1412384914492
1408 -1.1412384914492
1409 -1.1412384914492
1410 -1.1412384914492
1411 -1.1412384914492
1412 -1.1412384914492
1413 -1.1412384914492
1414 -1.1412384914492
1415 -1.1412384914492
1416 -1.1412384914492
1417 -1.1412384914492
1418 -1.1412384914492
1419 -1.1412384914492
1420 -1.1412384914492
1421 -1.1412384914492
1422 -1.1412384914492
1423 -1.1412384914492
1424 -1.1412384914492
1425 -0.14023207466299
1426 -1.1412384914492
1427 -1.1412384914492
1428 -0.238398819397672
1429 -1.1412384914492
1430 -1.1412384914492
1431 -1.1412384914492
1432 -1.1412384914492
1433 -1.1412384914492
1434 -1.1412384914492
1435 -1.1412384914492
1436 -1.1412384914492
1437 -1.1412384914492
1438 -1.1412384914492
1439 -1.1412384914492
1440 -1.1412384914492
1441 -1.1412384914492
1442 -1.1412384914492
1443 -0.202522264601011
1444 -1.1412384914492
1445 -1.1412384914492
1446 -1.1412384914492
1447 -1.1412384914492
1448 -1.1412384914492
1449 -1.1412384914492
1450 -1.1412384914492
1451 -0.0194660739155206
1452 -1.1412384914492
1453 -1.1412384914492
1454 -1.1412384914492
1455 -1.1412384914492
1456 -1.1412384914492
1457 -1.1412384914492
1458 -1.1412384914492
1459 -1.1412384914492
1460 -1.1412384914492
1461 -1.1412384914492
1462 -1.1412384914492
1463 -1.1412384914492
1464 -1.1412384914492
1465 -1.1412384914492
1466 -1.1412384914492
1467 -1.1412384914492
1468 -1.1412384914492
1469 -1.1412384914492
1470 -1.1412384914492
1471 -1.1412384914492
1472 -0.128225614036091
1473 -1.1412384914492
1474 -1.1412384914492
1475 -1.1412384914492
1476 -1.1412384914492
1477 -1.1412384914492
1478 -1.1412384914492
1479 -1.1412384914492
1480 -1.1412384914492
1481 -1.1412384914492
1482 -1.1412384914492
1483 -1.1412384914492
1484 -1.1412384914492
1485 -1.1412384914492
1486 -1.1412384914492
1487 -1.1412384914492
1488 -1.1412384914492
1489 -1.1412384914492
1490 -1.1412384914492
1491 -1.1412384914492
1492 -1.1412384914492
1493 -1.1412384914492
1494 -1.1412384914492
1495 -1.1412384914492
1496 -1.1412384914492
1497 -1.1412384914492
1498 -1.1412384914492
1499 -1.1412384914492
1500 -1.1412384914492
1501 -1.1412384914492
1502 -1.1412384914492
1503 -1.1412384914492
1504 -1.1412384914492
1505 -1.1412384914492
1506 -1.1412384914492
1507 -1.1412384914492
1508 -1.1412384914492
1509 -1.1412384914492
1510 -1.1412384914492
1511 -1.1412384914492
1512 -1.1412384914492
1513 -1.1412384914492
1514 -1.1412384914492
1515 -1.1412384914492
1516 -1.1412384914492
1517 -1.1412384914492
1518 -1.1412384914492
1519 -1.1412384914492
1520 -1.1412384914492
1521 -1.1412384914492
1522 -1.1412384914492
1523 -1.1412384914492
1524 0.0543436392604822
1525 -1.1412384914492
1526 -1.1412384914492
1527 -1.1412384914492
1528 -1.1412384914492
1529 -1.1412384914492
1530 -1.1412384914492
1531 -1.1412384914492
1532 -1.1412384914492
1533 -1.1412384914492
1534 -1.1412384914492
1535 -1.1412384914492
1536 -1.1412384914492
1537 -1.1412384914492
1538 -1.1412384914492
1539 -1.1412384914492
1540 -1.1412384914492
1541 -1.1412384914492
1542 -1.1412384914492
1543 -1.1412384914492
1544 -1.1412384914492
1545 -1.1412384914492
1546 -1.1412384914492
1547 -1.1412384914492
1548 -1.1412384914492
1549 -1.1412384914492
1550 -1.1412384914492
1551 -1.1412384914492
1552 -1.1412384914492
1553 -1.1412384914492
1554 -1.1412384914492
1555 -1.1412384914492
1556 -1.1412384914492
1557 -1.1412384914492
1558 -1.1412384914492
1559 -1.1412384914492
1560 -1.1412384914492
1561 -1.1412384914492
1562 -1.1412384914492
1563 -1.1412384914492
1564 -1.1412384914492
1565 -1.1412384914492
1566 -1.1412384914492
1567 -1.1412384914492
1568 -1.1412384914492
1569 -1.1412384914492
1570 -1.1412384914492
1571 -1.1412384914492
1572 -1.1412384914492
1573 -1.1412384914492
1574 -1.1412384914492
1575 -1.1412384914492
1576 -1.1412384914492
1577 -1.1412384914492
1578 -1.1412384914492
1579 -0.149784905520894
1580 -1.1412384914492
1581 -1.1412384914492
1582 -1.1412384914492
1583 -1.1412384914492
1584 -1.1412384914492
1585 -1.1412384914492
1586 -1.1412384914492
1587 -1.1412384914492
1588 -1.1412384914492
1589 -1.1412384914492
1590 -1.1412384914492
1591 -1.1412384914492
1592 -1.1412384914492
1593 -1.1412384914492
1594 -1.1412384914492
1595 -1.1412384914492
1596 -1.1412384914492
1597 -1.1412384914492
1598 -1.1412384914492
1599 -0.214203593558227
1600 -1.1412384914492
1601 -1.1412384914492
1602 -1.1412384914492
1603 -1.1412384914492
1604 -1.1412384914492
1605 -1.1412384914492
1606 -1.1412384914492
1607 -1.1412384914492
1608 -1.1412384914492
1609 -1.1412384914492
1610 -1.1412384914492
1611 -1.1412384914492
1612 -1.1412384914492
1613 -1.1412384914492
1614 -1.1412384914492
1615 -1.1412384914492
1616 -1.1412384914492
1617 -1.1412384914492
1618 -1.1412384914492
1619 -1.1412384914492
1620 -1.1412384914492
1621 -1.1412384914492
1622 -1.1412384914492
1623 -1.1412384914492
1624 -1.1412384914492
1625 -1.1412384914492
1626 -1.1412384914492
1627 -1.1412384914492
1628 -1.1412384914492
1629 -1.1412384914492
1630 -1.1412384914492
1631 -1.1412384914492
1632 -1.1412384914492
1633 -1.1412384914492
1634 -1.1412384914492
1635 -1.1412384914492
1636 -1.1412384914492
1637 -1.1412384914492
1638 -1.1412384914492
1639 -1.1412384914492
1640 -1.1412384914492
1641 -0.223684036880596
1642 -1.1412384914492
1643 -1.1412384914492
1644 -1.1412384914492
1645 -1.1412384914492
1646 -1.1412384914492
1647 -1.1412384914492
1648 -1.1412384914492
1649 -1.1412384914492
1650 -1.1412384914492
1651 -0.176302352416244
1652 -1.1412384914492
1653 -1.1412384914492
1654 -1.1412384914492
1655 -1.1412384914492
1656 -1.1412384914492
1657 -1.1412384914492
1658 -1.1412384914492
1659 -1.1412384914492
1660 -1.1412384914492
1661 -1.1412384914492
1662 -1.1412384914492
1663 -1.1412384914492
1664 -1.1412384914492
1665 -1.1412384914492
1666 -1.1412384914492
1667 -1.1412384914492
1668 -1.1412384914492
1669 -1.1412384914492
1670 -1.1412384914492
1671 -1.1412384914492
1672 -1.1412384914492
1673 -1.1412384914492
1674 -1.1412384914492
1675 -1.1412384914492
1676 -1.1412384914492
1677 -1.1412384914492
1678 -1.1412384914492
1679 -1.1412384914492
1680 -1.1412384914492
1681 -1.1412384914492
1682 -1.1412384914492
1683 -1.1412384914492
1684 -1.1412384914492
1685 -1.1412384914492
1686 -1.1412384914492
1687 -1.1412384914492
1688 -1.1412384914492
1689 -1.1412384914492
1690 -1.1412384914492
1691 -1.1412384914492
1692 -1.1412384914492
1693 -1.1412384914492
1694 -1.1412384914492
1695 -1.1412384914492
1696 -1.1412384914492
1697 -1.1412384914492
1698 -1.1412384914492
1699 -1.1412384914492
1700 -1.1412384914492
1701 -1.1412384914492
1702 -1.1412384914492
1703 -1.1412384914492
1704 -1.1412384914492
1705 -1.1412384914492
1706 -1.1412384914492
1707 -1.1412384914492
1708 -1.1412384914492
1709 -1.1412384914492
1710 -1.1412384914492
1711 -1.1412384914492
1712 -1.1412384914492
1713 -1.1412384914492
1714 -1.1412384914492
1715 -1.1412384914492
1716 -1.1412384914492
1717 -1.1412384914492
1718 -1.1412384914492
1719 -1.1412384914492
1720 -1.1412384914492
1721 -1.1412384914492
1722 -1.1412384914492
1723 -1.1412384914492
1724 -1.1412384914492
1725 -1.1412384914492
1726 -1.1412384914492
1727 -1.1412384914492
1728 -1.1412384914492
1729 -1.1412384914492
1730 -1.1412384914492
1731 -1.1412384914492
1732 -1.1412384914492
1733 -1.1412384914492
1734 -1.1412384914492
1735 -1.1412384914492
1736 -1.1412384914492
1737 -1.1412384914492
1738 -1.1412384914492
1739 -1.1412384914492
1740 -1.1412384914492
1741 -1.1412384914492
1742 -1.1412384914492
1743 -1.1412384914492
1744 -1.1412384914492
1745 -1.1412384914492
1746 -1.1412384914492
1747 -1.1412384914492
1748 -1.1412384914492
1749 -1.1412384914492
1750 -1.1412384914492
1751 -1.1412384914492
1752 -1.1412384914492
1753 -1.1412384914492
1754 -1.1412384914492
1755 -1.1412384914492
1756 -1.1412384914492
1757 -1.1412384914492
1758 -1.1412384914492
1759 -1.1412384914492
1760 -1.1412384914492
1761 -1.1412384914492
1762 -1.1412384914492
1763 -1.1412384914492
1764 -1.1412384914492
1765 -1.1412384914492
1766 -1.1412384914492
1767 -1.1412384914492
1768 -1.1412384914492
1769 -1.1412384914492
1770 -1.1412384914492
1771 -1.1412384914492
1772 -1.1412384914492
1773 -1.1412384914492
1774 -1.1412384914492
1775 -1.1412384914492
1776 -1.1412384914492
1777 -1.1412384914492
1778 -1.1412384914492
1779 -1.1412384914492
1780 -1.1412384914492
1781 -1.1412384914492
1782 -1.1412384914492
1783 -1.1412384914492
1784 -1.1412384914492
1785 -1.1412384914492
1786 -1.1412384914492
1787 -1.1412384914492
1788 -1.1412384914492
1789 -1.1412384914492
1790 -1.1412384914492
1791 -1.1412384914492
1792 -1.1412384914492
1793 -1.1412384914492
1794 -1.1412384914492
1795 -1.1412384914492
1796 -1.1412384914492
1797 -1.1412384914492
1798 -1.1412384914492
1799 -1.1412384914492
1800 -1.1412384914492
1801 -1.1412384914492
1802 -1.1412384914492
1803 -1.1412384914492
1804 -1.1412384914492
1805 -1.1412384914492
1806 -1.1412384914492
1807 -1.1412384914492
1808 -1.1412384914492
1809 -1.1412384914492
1810 -1.1412384914492
1811 -1.1412384914492
1812 -1.1412384914492
1813 -1.1412384914492
1814 -1.1412384914492
1815 -1.1412384914492
1816 -1.1412384914492
1817 -1.1412384914492
1818 -1.1412384914492
1819 -1.1412384914492
1820 -1.1412384914492
1821 -1.1412384914492
1822 -1.1412384914492
1823 -1.1412384914492
1824 -0.113732938206426
1825 -1.1412384914492
1826 -1.1412384914492
1827 -1.1412384914492
1828 -1.1412384914492
1829 -1.1412384914492
1830 -1.1412384914492
1831 -1.1412384914492
1832 -1.1412384914492
1833 -1.1412384914492
1834 -1.1412384914492
1835 -1.1412384914492
1836 -1.1412384914492
1837 -1.1412384914492
1838 -1.1412384914492
1839 -1.1412384914492
1840 -1.1412384914492
1841 -1.1412384914492
1842 -1.1412384914492
1843 -1.1412384914492
1844 -1.1412384914492
1845 -1.1412384914492
1846 -1.1412384914492
1847 -1.1412384914492
1848 -1.1412384914492
1849 -1.1412384914492
1850 -1.1412384914492
1851 -1.1412384914492
1852 -1.1412384914492
1853 -1.1412384914492
1854 -1.1412384914492
1855 -1.1412384914492
1856 -1.1412384914492
1857 -1.1412384914492
1858 -1.1412384914492
1859 -1.1412384914492
1860 -1.1412384914492
1861 -1.1412384914492
1862 -1.1412384914492
1863 -1.1412384914492
1864 -1.1412384914492
1865 -1.1412384914492
1866 -1.1412384914492
1867 -1.1412384914492
1868 -1.1412384914492
1869 -1.1412384914492
1870 -1.1412384914492
1871 -1.1412384914492
1872 -1.1412384914492
1873 -1.1412384914492
1874 -1.1412384914492
1875 -1.1412384914492
1876 -1.1412384914492
1877 -1.1412384914492
1878 -1.1412384914492
1879 -1.1412384914492
1880 -1.1412384914492
1881 -1.1412384914492
1882 -1.1412384914492
1883 -1.1412384914492
1884 -1.1412384914492
1885 -1.1412384914492
1886 -1.1412384914492
1887 -1.1412384914492
1888 -1.1412384914492
1889 -1.1412384914492
1890 -1.1412384914492
1891 -1.1412384914492
1892 -1.1412384914492
1893 -1.1412384914492
1894 -1.1412384914492
1895 -1.1412384914492
1896 -1.1412384914492
1897 -1.1412384914492
1898 -1.1412384914492
1899 -1.1412384914492
1900 -1.1412384914492
1901 -1.1412384914492
1902 0.547010082648491
1903 -1.1412384914492
1904 -0.700551752754884
1905 -0.522096838875914
1906 -0.792201269807994
1907 2.15988007494541
1908 -0.67848110245491
1909 -0.671419681168074
1910 -0.410307230412047
1911 -0.45238225331949
1912 -0.51772344255862
1913 -0.468361104352024
1914 -0.726956557001681
1915 -0.747480085992933
1916 -0.463919175145255
1917 -0.68516055024366
1918 -0.693870985915276
1919 -0.755103037594602
1920 -0.747402719986312
1921 -0.75345723710183
1922 0.796292935278153
1923 -0.318950235695647
1924 -0.355799746780248
1925 -0.773536726755817
1926 -0.481393837623737
1927 -0.754228585466113
1928 -0.633700253530703
1929 0.229359947768584
1930 -0.542360274861183
1931 -0.780548373178377
1932 -0.63099779380952
1933 -0.707163913103581
1934 -0.698351218508178
1935 -0.757589476031026
1936 -0.712539985291625
1937 -0.770678109156577
1938 -0.598132920894936
1939 -0.662463319799495
1940 -0.250651915525982
1941 -0.704560588777742
1942 -0.666471058980873
1943 -0.726093207706981
1944 -0.494423918436105
1945 -0.752282184943036
1946 -0.63753428318036
1947 -0.674541955195515
1948 0.0522383679743237
1949 -0.712983138539724
1950 -0.473849400963216
1951 -0.630889669841733
1952 -0.605156360779231
1953 -0.601099291325789
1954 -0.667039133669089
1955 -0.725617823567925
1956 -0.647987170595047
1957 -0.394090033605864
1958 -0.732648845074644
1959 -0.724985459780179
1960 -0.763549529158633
1961 -0.64145178479512
1962 -0.374005837112928
1963 -0.389437164545229
1964 -0.714456897291207
1965 -0.642736952147508
1966 -0.689105080515833
1967 -0.633635464149852
1968 -0.644353603608598
1969 -0.793339417790721
1970 -0.725311383849258
1971 -0.658439883750307
1972 -0.446977430555613
1973 -0.682179579498166
1974 -0.694149814814236
1975 -0.648397716707783
1976 -0.544317995419195
1977 -0.564399108466626
1978 -0.260698810066132
1979 -0.668176345923497
1980 -0.743321807585511
1981 -0.723267364103104
1982 -0.763322623846539
1983 0.542729630306584
1984 -0.624199145506655
1985 -0.788451973308185
1986 -0.681939197001485
1987 -0.700595247643041
1988 -0.695992414757454
1989 -0.78558493625498
1990 -0.391158816811925
1991 -0.77800310356266
1992 0.55277552439687
1993 -0.58217210309036
1994 -0.715133928204374
1995 -0.311042936273624
1996 -0.356984807855117
1997 -0.620218354564503
1998 -0.704627787229142
1999 -0.763549529158633
2000 -0.607709053741127
2001 -0.606200051398141
2002 -0.705839253612817
2003 -0.775390560896655
2004 -0.44894435726177
2005 -0.19496461918538
2006 1.31062937692909
2007 -0.79322549390259
2008 -0.131282959246567
2009 -0.779456224608482
2010 -0.254044730991381
2011 -0.43014247186642
2012 -0.523434386141957
2013 -0.599744016277922
2014 -0.701214230887506
2015 -0.549969112917142
2016 -0.738524140279382
2017 -0.599318755333185
2018 -0.591347668430345
2019 -0.72196148364044
2020 -0.541652039741091
2021 -0.787782371294658
2022 -0.291166640057838
2023 -0.458941237569188
2024 -0.723644031986967
2025 -0.54411625296665
2026 -0.585693282956227
2027 -0.565739494150857
2028 0
2029 -0.501259156066056
2030 -0.565195765978719
2031 -0.686148722736782
2032 -0.405891152295708
2033 -0.621682897161847
2034 -0.671335072855872
2035 -0.790641842884705
2036 -0.33898178069154
2037 -0.771398412580867
2038 -0.205655507774405
2039 -0.770103397571396
2040 -0.550682369841841
2041 -0.7319737315879
2042 -0.614295217783462
2043 -0.19496461918538
2044 -0.454816863515346
2045 -0.7319737315879
2046 -0.467021196866674
2047 -0.471818376226274
2048 -0.532830299869223
2049 0.953351192063093
2050 -0.446977430555613
2051 -0.456317264271981
2052 -0.79322549390259
2053 0.121173372224937
2054 -0.465276444405685
2055 -0.456888019344566
2056 -0.129340770951874
2057 -0.729904094096646
2058 -0.700352234459061
2059 0.72062896264117
2060 -0.700551752754884
2061 -0.445322416513707
2062 -0.73199058723293
2063 -0.59554331056076
2064 -0.408842901259771
2065 1.08212444887729
2066 1.30948432207759
2067 -0.729409500828789
2068 -0.347150885218637
2069 -0.697700677697136
2070 -0.70466205874021
2071 -0.729448765299006
2072 -0.128450136925793
2073 -0.685012255292072
2074 -0.208397925091257
2075 -0.720000533028865
2076 -0.732191538611097
2077 0
2078 -0.431543987862579
2079 -0.245508840446302
2080 -0.391963540365489
2081 -0.425946309499313
2082 -0.336898271539776
2083 -0.780074426389584
2084 1.06098731562927
2085 -0.407134160925958
2086 -0.728654774212858
2087 -0.622522147494071
2088 -0.782554210920029
2089 -0.47115622957809
2090 -0.631247727665941
2091 -0.498089368935915
2092 -0.494833229405667
2093 -0.552042106881306
2094 -0.786513054381682
2095 -0.714014642563024
2096 -0.772592246328048
2097 -0.568603419124829
2098 1.61222836848878
2099 -0.606421934288338
2100 -0.761437458850904
2101 -0.748163846150167
2102 -0.54552894474832
2103 -0.604859358595273
2104 -0.453589231962113
2105 -0.294709642874895
2106 -0.784991291339873
2107 -0.382696620436427
2108 -0.436969017988973
2109 -0.157528849127689
2110 -0.712344928020239
2111 -0.719162047178888
2112 -0.693527847851542
2113 -0.725095729323705
2114 1.19982445641064
2115 -0.363756705636482
2116 1.45946958367666
2117 -0.603158951543426
2118 0.143313392717695
2119 -0.638680632021985
2120 0.0946689543261419
2121 -0.0186820019575754
2122 0.0863649080036707
2123 -0.390123532494375
2124 -0.682709518279942
2125 -0.380970636802449
2126 -0.547567809671875
2127 -0.788121570341383
2128 -0.712259153598989
2129 1.01884836022926
2130 -0.577412898082865
2131 -0.385118511047804
2132 -0.326362213028377
2133 -0.704411249868252
2134 -0.789880201867577
2135 -0.727675961309688
2136 -0.541652039741091
2137 -0.654584591669518
2138 -0.267028978557662
2139 -0.237425022499894
2140 -0.4275367491098
2141 -0.464490015688474
2142 -0.14778748362265
2143 -0.72277635618369
2144 -0.611974652872101
2145 -0.790035984397192
2146 -0.75845652503615
2147 -0.719335627027431
2148 -0.692524266113678
2149 -0.708355299564122
2150 -0.0754075203269987
2151 -0.735506484163065
2152 -0.400773736150488
2153 -0.687280926777884
2154 0.217098709148241
2155 -0.77786069668146
2156 2.21900160172687
2157 6.9465875445488
2158 -0.726868797989946
2159 -0.779432767630689
2160 -0.577094159504398
2161 -0.763549529158633
2162 -0.724334206561567
2163 -0.702113598111245
2164 -0.601244976695188
2165 -0.750582089591727
2166 -0.574880253069011
2167 -0.670737004992515
2168 -0.615098867669117
2169 -0.788085289730253
2170 -0.607056820961297
2171 -0.645366910876596
2172 -0.644879826461489
2173 -0.620610321837232
2174 -0.697881190969722
2175 -0.0559851699916549
2176 -0.19496461918538
2177 -0.641486809949617
2178 -0.732699856380859
2179 0.121173372224937
2180 -0.586187436905812
2181 -0.767693070609786
2182 -0.544043421675163
2183 -0.544490242850466
2184 -0.725546391262642
2185 -0.683282674456495
2186 0.121173372224937
2187 0.102211716766646
2188 0.121173372224937
2189 0
2190 -0.555405017351322
2191 0.121173372224937
2192 -0.682713929839845
2193 -0.770510312142205
2194 -0.0559851699916549
2195 -0.697881190969722
2196 -0.585228720474023
2197 -0.741027761596324
2198 -0.503231862786481
2199 0
2200 0.929433374467719
2201 0.519633041433571
2202 -0.752811334882581
2203 -0.393322668642961
2204 -0.786326190217591
2205 -0.755001279671011
2206 -0.573447580851409
2207 -0.776754306276737
2208 -0.760815702653932
2209 -0.70155833877864
2210 -0.591645196288508
2211 -0.502783373479819
2212 -0.331653424979891
2213 -0.516565217432503
2214 0.123528183063345
2215 -0.649658099461943
2216 -0.691696022529807
2217 -0.732465704160428
2218 -0.295347643023068
2219 -0.374064110605221
2220 -0.431123063637417
2221 -0.328528782223114
2222 -0.768557884226702
2223 -0.753621929119984
2224 -0.775653375599874
2225 -0.703814220530465
2226 1.67642745501226
2227 -0.621499130636393
2228 -0.575908535120411
2229 -0.738329156638595
2230 -0.19496461918538
2231 -0.46775838768334
2232 -0.793339417790721
2233 -0.708792905437433
2234 -0.374005837112928
2235 -0.298570419268923
2236 -0.338129426257352
2237 -0.64145178479512
2238 -0.422905272535816
2239 -0.700149645989868
2240 -0.706421213924767
2241 -0.743759590891898
2242 0.206505104678699
2243 -0.381269370272992
2244 -0.545499643917333
2245 1.72338203219221
2246 -0.394090033605864
2247 -0.464780807481372
2248 -0.579728897560414
2249 -0.613773756354937
2250 0.217098709148241
2251 -0.594981467573359
2252 -0.30028187388216
2253 -0.217414178098567
2254 -0.532972080256706
2255 -0.740184434317805
2256 -0.642954491045051
2257 -0.643954176370383
2258 -0.697881190969722
2259 -0.280383186889876
2260 -0.0559851699916549
2261 -0.536339884960294
2262 0.0689409717092963
2263 -0.733413848718666
2264 0.00219442018760903
2265 -0.649658099461943
2266 -0.660643384201399
2267 -0.775085633628792
2268 0.879218446986957
2269 -0.717922798316802
2270 -0.616604229455
2271 -0.596116154961723
2272 -0.377492058100159
2273 -0.650504632054944
2274 -0.0136145793022705
2275 -0.681422765574399
2276 -0.67698036782396
2277 -0.696531303572417
2278 -0.280383186889876
2279 0.765989355155096
2280 -0.615204385348928
2281 -0.770662835789887
2282 -0.322556168719393
2283 -0.620495748887195
2284 0.126213371939213
2285 0.930077541622184
2286 -0.155012888647369
2287 -0.662899359291187
2288 -0.695845774150147
2289 -0.643317306101804
2290 -0.693224222691926
2291 0.411955664608682
2292 0.503361627797558
2293 -0.668134917678278
2294 -0.641469210595283
2295 -0.704694367256255
2296 -0.743789673937302
2297 -0.677608555840476
2298 -0.707523457015131
2299 -0.470584449251648
2300 -0.661632899372334
2301 -0.315599757820399
2302 -0.708792905437433
2303 -0.654584591669518
2304 -0.744872526429621
2305 -0.686211806200279
2306 0.250624547725066
2307 -0.464876990068033
2308 -0.314465305991415
2309 -0.786806042304288
2310 -0.675205123391625
2311 -0.0213282101494672
2312 -0.765442795118418
2313 -0.185578217868065
2314 0.864812571682799
2315 -0.58988960359084
2316 0
2317 -0.741978352253323
2318 -0.661410463055079
2319 -0.637357803347877
2320 0
2321 -0.23843672327474
2322 0
2323 -0.347150885218637
2324 3.9021126614708
2325 -0.602030260866696
2326 0.20312791873589
2327 1.93441864951547
2328 1.40189728811948
2329 0.0585501958317306
2330 -0.629022273157357
2331 -0.2259579882164
2332 -0.644025712665993
2333 0
2334 -0.484019481710047
2335 -0.726737372577258
2336 -0.657314413549964
2337 -0.77907763355694
2338 0.513076148968397
2339 0.389807440817087
2340 -0.689593352304807
2341 -0.291301131409482
2342 0.0585501958317306
2343 -0.651193512922641
2344 -0.55316747112325
2345 -0.44936348779258
2346 -0.692589776444275
2347 -0.328720249396223
2348 -0.725095729323705
2349 -0.634628416704613
2350 -0.683972003253054
2351 -0.550682369841841
2352 -0.776754306276737
2353 -0.280383186889876
2354 -0.647112410279339
2355 -0.715764701198125
2356 -0.743976849903403
2357 0
2358 -0.747635160028364
2359 1.04209300688971
2360 -0.169379136953502
2361 -0.023386612112367
2362 0.00349669048866992
2363 -0.644245296692888
2364 -0.643954176370383
2365 -0.237521144800217
2366 -0.0559851699916549
2367 -0.739321434226955
2368 -0.781437758324159
2369 -0.335428029545263
2370 1.93009837923364
2371 0
2372 0.0166548725427361
2373 -0.549969112917142
2374 -0.550682369841841
2375 -0.782763963567751
2376 -0.337080288183872
2377 -0.745609455490201
2378 -0.399125600746409
2379 -0.575720345791168
2380 -0.462250564599164
2381 -0.75146841045207
2382 0.355887287865687
2383 -0.453158170965815
2384 -0.211357262529063
2385 -0.631247727665941
2386 -0.790581974230039
2387 -0.624199145506655
2388 -0.713187533784083
2389 -0.686755320503611
2390 -0.593241999903577
2391 7.33457277964257
2392 -0.573447580851409
2393 -0.23843672327474
2394 -0.750482107610178
2395 -0.615204385348928
2396 -0.431543987862579
2397 -0.288531528903256
2398 -0.766880209868268
2399 -0.532130191287144
2400 -0.472730644094447
2401 0
2402 0.690868075217322
2403 -0.374064110605221
2404 -0.738524140279382
2405 -0.51772344255862
2406 2.97276992837567
2407 0
2408 -0.488273332379128
2409 -0.19496461918538
2410 -0.280383186889876
2411 -0.533054970311081
2412 0
2413 -0.0227591333068604
2414 -0.756227508607667
2415 -0.670864725829491
2416 -0.280383186889876
2417 -0.723298599229068
2418 -0.450001360742288
2419 -0.716122159969795
2420 -0.514308236328167
2421 -0.171945281150196
2422 -0.408433372655873
2423 -0.640577082210283
2424 -0.650165430616609
2425 -0.640394361743185
2426 -0.640880007814903
2427 -0.597777091817088
2428 -0.631439231601562
2429 -0.74032451540784
2430 -0.0264501667621303
2431 2.97276992837567
2432 -0.630846758527621
2433 -0.649658099461943
2434 -0.374064110605221
2435 -0.638145235391131
2436 -0.45238225331949
2437 -0.410307230412047
2438 -0.739965314202743
2439 -0.620213980783407
2440 -0.735895186125543
2441 -0.550263331069657
2442 0
2443 -0.738524140279382
2444 -0.720341354325867
2445 -0.237351984909661
2446 -0.276918786828335
2447 0
2448 -0.0227591333068604
2449 -0.19496461918538
2450 -0.752771853757159
2451 -0.390123532494375
2452 1.12757765505668
2453 -0.48357513496032
2454 -0.64375849769606
2455 -0.488138615527149
2456 -0.5204025741119
2457 -0.648401623589551
2458 3.9021126614708
2459 -0.760153085129674
2460 -0.7791608458885
2461 -0.610870814565789
2462 -0.781943834004214
2463 -0.467079104255526
2464 -0.78589088460059
2465 -0.751021446681443
2466 -0.653547804673528
2467 -0.697881190969722
2468 0.15639005730538
2469 0
2470 -0.435226207533363
2471 -0.778465070387693
2472 -0.713187533784083
2473 -0.459709678055105
2474 -0.662376664404139
2475 0.121173372224937
2476 -0.651671947721513
2477 -0.597777091817088
2478 -0.674513936598167
2479 0
2480 -0.23843672327474
2481 0
2482 -0.134492094120515
2483 -0.745770092376893
2484 3.95906894055604
2485 -0.664675212730126
2486 -0.731855456230127
2487 -0.0364586959464152
2488 -0.265081852776167
2489 -0.478353184532512
2490 -0.773085545770031
2491 -0.73199058723293
2492 -0.696714566671605
2493 -0.205635884136531
2494 -0.503231862786481
2495 -0.36801763110552
2496 -0.637043277225494
2497 0.0291681196934798
2498 -0.79279274526085
2499 -0.53221388863258
2500 -0.573447580851409
2501 -0.625007512209723
2502 -0.641486809949617
2503 -0.409953757851546
2504 1.06098731562927
2505 -0.23843672327474
2506 0.690868075217322
2507 -0.770916619184389
2508 -0.45238225331949
2509 -0.410307230412047
2510 -0.597777091817088
2511 -0.725095729323705
2512 -0.641486809949617
2513 -0.280383186889876
2514 -0.790581974230039
2515 -0.0459135231672837
2516 -0.785262288616163
2517 0.183166293960171
2518 -0.492809699656329
2519 1.92400497788933
2520 0.110890152934036
2521 0
2522 -0.171945281150196
2523 -0.620495748887195
2524 -0.597777091817088
2525 -0.454816863515346
2526 -0.641486809949617
2527 -0.224225208091964
2528 0.360859464624066
2529 -0.338138097990035
2530 -0.662246107816021
2531 -0.47115622957809
2532 -0.314465305991415
2533 -0.315599757820399
2534 -0.732941115212452
2535 -0.665000258167105
2536 -0.779915280237807
2537 -0.19496461918538
2538 0.183166293960171
2539 -0.54575472177379
2540 -0.394648409609162
2541 -0.454816863515346
2542 -0.712153532552196
2543 -0.724111956670242
2544 -0.686211806200279
2545 -0.763092236744261
2546 -0.729897120975406
2547 -0.373466192238067
2548 -0.760838800802889
2549 -0.236157173129704
2550 -0.51772344255862
2551 -0.557736693490007
2552 -0.732139200285374
2553 -0.280383186889876
2554 -0.253005532392865
2555 0
2556 -0.702113598111245
2557 -0.283312356385887
2558 -0.697881190969722
2559 1.28985777647715
2560 -0.597777091817088
2561 -0.573447580851409
2562 -0.713187533784083
2563 0
2564 -0.19496461918538
2565 -0.19496461918538
2566 0
2567 -0.573447580851409
2568 -0.391442640418794
2569 -0.650165430616609
2570 -0.550263331069657
2571 -0.745978368074125
2572 0
2573 -0.618764620082234
2574 -0.541652039741091
2575 -0.454097934175118
2576 -0.391442640418794
2577 -0.762952769085566
2578 0.217098709148241
2579 -0.467021196866674
2580 -0.54575472177379
2581 -0.541652039741091
2582 -0.54575472177379
2583 -0.478353184532512
2584 -0.781626544203449
2585 0.0291681196934798
2586 -0.42869432976181
2587 -0.677351420093782
2588 -0.703761444789005
2589 -0.573447580851409
2590 -0.785262288616163
2591 -0.394090033605864
2592 -0.641486809949617
2593 -0.692951746216633
2594 -0.42869432976181
2595 -0.630905158536071
2596 -0.741821099777823
2597 -0.181497199626172
2598 -0.736403090630672
2599 -0.792327444921962
2600 -0.783427586277345
2601 -0.554135240829016
2602 -0.775345980059078
2603 -0.716489098183596
2604 -0.780767091054837
2605 -0.793939697486767
2606 -0.748220139610257
2607 -0.54575472177379
2608 -0.503231862786481
2609 -0.751468956952577
2610 0.488368786256998
2611 0.250624547725066
2612 -0.680281659114677
2613 -0.688978775082964
2614 -0.508662823649627
2615 -0.740365013596932
2616 -0.19496461918538
2617 -0.741978352253323
2618 -0.454816863515346
2619 -0.771079660486885
2620 0
2621 -0.502783373479819
2622 -0.375605910788254
2623 -0.651193512922641
2624 -0.489554484275211
2625 0.0291681196934798
2626 -0.79279274526085
2627 -0.741821099777823
2628 -0.644893898262247
2629 -0.301492145354144
2630 0
2631 -0.680839641347954
2632 -0.715024691971417
2633 -0.375605910788254
2634 -0.732941115212452
2635 -0.740540987444408
2636 -0.591758487383677
2637 -0.462767624778015
2638 -0.585959083816282
2639 -0.673904552036314
2640 -0.573447580851409
2641 -0.662376664404139
2642 -0.530592748832961
2643 -0.773907331233422
2644 -0.585959083816282
2645 -0.777841230232985
2646 -0.673904552036314
2647 -0.7073987215759
2648 -0.732941115212452
2649 -0.647957664463329
2650 -0.398897753032651
2651 -0.270061664025214
2652 -0.654029750136507
2653 -0.574068009904468
2654 -0.610647943786123
2655 -0.375605910788254
2656 -0.777841230232985
2657 -0.169379136953502
2658 -0.353712322142036
2659 -0.373458041159626
2660 -0.697881190969722
2661 -0.492809699656329
2662 -0.792940180051406
2663 -0.477995498340121
2664 -0.461811413166905
2665 -0.390123532494375
2666 -0.651124185441937
2667 -0.686755320503611
2668 -0.573447580851409
2669 -0.23843672327474
2670 1.47927362004724
2671 0
2672 1.45720886730751
2673 -0.641486809949617
2674 0
2675 0
2676 0
2677 0
2678 -0.347150885218637
2679 -0.623743266870412
2680 -0.541652039741091
2681 0
2682 -0.347150885218637
2683 -0.79322549390259
2684 -0.751631644327366
2685 -0.666931193728257
2686 -0.23843672327474
2687 -0.738524140279382
2688 0
2689 -0.638667950342627
2690 -0.761935862118698
2691 -0.295347643023068
2692 0.722692925639285
2693 -0.767780421374222
2694 -0.729897120975406
2695 -0.709766890822712
2696 -0.301492145354144
2697 -0.638667950342627
2698 -0.775345980059078
2699 -0.19496461918538
2700 4.05020278181215
2701 -0.462250564599164
2702 -0.617215759340471
2703 -0.754609342274493
2704 -0.604859358595273
2705 -0.465094427448378
2706 -0.00811053810644158
2707 -0.0227591333068604
2708 -0.77509959563775
2709 0
2710 -0.206090300439985
2711 -0.533054970311081
2712 -0.760838800802889
2713 -0.19496461918538
2714 0
2715 -0.347150885218637
2716 0
2717 -0.713187533784083
2718 -0.641486809949617
2719 -0.744520561689885
2720 -0.764034914834114
2721 -0.19496461918538
2722 -0.23843672327474
2723 -0.720000533028865
2724 -0.697881190969722
2725 -0.347150885218637
2726 -0.702405211771041
2727 -0.638147829864643
2728 -0.19496461918538
2729 -0.660643384201399
2730 -0.776754306276737
2731 -0.23843672327474
2732 -0.54575472177379
2733 -0.380797861127848
2734 -0.42869432976181
2735 0
2736 -0.597777091817088
2737 -0.54575472177379
2738 -0.23843672327474
2739 -0.763454331478011
2740 -0.0227591333068604
2741 -0.315599757820399
2742 -0.54575472177379
2743 -0.544490242850466
2744 -0.76143821363658
2745 -0.408842901259771
2746 -0.620495748887195
2747 -0.54575472177379
2748 -0.674087637108689
2749 -0.5204025741119
2750 -0.38436415966777
2751 -0.673367553603412
2752 -0.0434659455279163
2753 -0.712139488752734
2754 -0.533054970311081
2755 -0.641486809949617
2756 0
2757 2.15988007494541
2758 -0.229774272411824
2759 -0.62952405185547
2760 -0.391442640418794
2761 -0.586187436905812
2762 -0.644340912505762
2763 0.185133652288419
2764 -0.315599757820399
2765 -0.77800310356266
2766 1.93441864951547
2767 -0.601291468846605
2768 -0.754740592084365
2769 -0.301492145354144
2770 -0.719621840981839
2771 -0.229774272411824
2772 -0.19496461918538
2773 -0.169379136953502
2774 -0.744597820797432
2775 -0.489554484275211
2776 1.93441864951547
2777 -0.372074488069225
2778 -0.56737092907336
2779 -0.653262279941869
2780 -0.591047993244927
2781 -0.639224332202776
2782 -0.739893656793801
2783 -0.767536729685191
2784 0.0229492131443013
2785 -0.769954307300205
2786 -0.00811053810644158
2787 -0.773903236147977
2788 -0.773903236147977
2789 -0.573447580851409
2790 -0.601291468846605
2791 -0.667088446907755
2792 0
2793 -0.301492145354144
2794 -0.644893898262247
2795 -0.713187533784083
2796 -0.53221388863258
2797 -0.470584449251648
2798 -0.731984281363692
2799 -0.587780280225652
2800 -0.456870687212487
2801 -0.0227591333068604
2802 -0.54575472177379
2803 -0.0227591333068604
2804 -0.54575472177379
2805 -0.0227591333068604
2806 -0.0227591333068604
2807 -0.54575472177379
2808 -0.0227591333068604
2809 -0.54575472177379
2810 -0.0227591333068604
2811 -0.54575472177379
2812 -0.315599757820399
2813 0
2814 0
2815 -0.347150885218637
2816 -0.638147829864643
2817 -0.53221388863258
2818 -0.468361104352024
2819 -0.644893898262247
2820 -0.697881190969722
2821 -0.0227591333068604
2822 -0.0227591333068604
2823 -0.456317264271981
2824 -0.697881190969722
2825 -0.454816863515346
2826 -0.791387817872671
2827 -0.454816863515346
2828 -0.713187533784083
2829 -0.454816863515346
2830 -0.19496461918538
2831 -0.713187533784083
2832 -0.713187533784083
2833 -0.723298599229068
2834 -0.630846758527621
2835 -0.267028978557662
2836 -0.390123532494375
2837 -0.716489098183596
2838 -0.454816863515346
2839 -0.650504632054944
2840 -0.613773465651174
2841 -0.613917471356911
2842 -0.573447580851409
2843 -0.715117989276459
2844 -0.741821099777823
2845 -0.0227591333068604
2846 -0.0559851699916549
2847 -0.42869432976181
2848 -0.65929761565874
2849 -0.673367553603412
2850 -0.23843672327474
2851 -0.23843672327474
2852 -0.23843672327474
2853 -0.727012842271068
2854 -0.725004167823916
2855 -0.697881190969722
2856 -0.697881190969722
2857 -0.19496461918538
2858 -0.19496461918538
2859 -0.19496461918538
2860 -0.573447580851409
2861 -0.573447580851409
2862 -0.573447580851409
2863 -0.573447580851409
2864 -0.454816863515346
2865 -0.697881190969722
2866 -0.573447580851409
2867 -0.00811053810644158
2868 -0.489554484275211
2869 -0.533054970311081
2870 -0.573447580851409
2871 -0.573447580851409
2872 -0.573447580851409
2873 -0.697881190969722
2874 -0.454816863515346
2875 1.72338203219221
2876 -0.697881190969722
2877 -0.715764701198125
2878 -0.0227591333068604
2879 0.00169195069851913
2880 -0.667088446907755
2881 -0.644893898262247
2882 -0.301492145354144
2883 -0.301492145354144
2884 -0.591758487383677
2885 -0.54575472177379
2886 -0.128450136925793
2887 0
2888 -0.00811053810644158
2889 -0.648397716707783
2890 -0.533054970311081
2891 -0.573447580851409
2892 -0.697881190969722
2893 -0.54575472177379
2894 -0.573447580851409
2895 -0.65929761565874
2896 -0.487609699721963
2897 -0.65929761565874
2898 -0.65929761565874
2899 -0.65929761565874
2900 -0.573447580851409
2901 -0.653547804673528
2902 0.722692925639285
2903 -0.673367553603412
2904 -0.673367553603412
2905 0
2906 -0.729897120975406
2907 0.0229492131443013
2908 -0.294786722278949
2909 0
2910 -0.307985612527232
2911 -0.456870687212487
2912 -0.771079660486885
2913 -0.715764701198125
2914 -0.771079660486885
2915 -0.597777091817088
2916 -0.597777091817088
2917 -0.738524140279382
2918 -0.65929761565874
2919 -0.729409500828789
2920 -0.729409500828789
2921 -0.756227508607667
2922 -0.740440532631712
2923 -0.738524140279382
2924 -0.729409500828789
2925 -0.54575472177379
2926 -0.0227591333068604
2927 -0.729409500828789
2928 -0.54575472177379
2929 -0.0227591333068604
2930 -0.729409500828789
2931 -0.54575472177379
2932 -0.0227591333068604
2933 -0.533054970311081
2934 -0.533054970311081
2935 -0.54575472177379
2936 -0.54575472177379
2937 -0.492809699656329
2938 -0.573447580851409
2939 -0.54575472177379
2940 -0.0227591333068604
2941 -0.573447580851409
2942 -0.697881190969722
2943 -0.454816863515346
2944 -0.697881190969722
2945 -0.478353184532512
2946 -0.661028595186407
2947 0.722692925639285
2948 -0.673367553603412
2949 -0.169379136953502
2950 -0.456870687212487
2951 -0.373466192238067
2952 -0.00811053810644158
2953 -0.00811053810644158
2954 -0.00811053810644158
2955 -0.573447580851409
2956 -0.65929761565874
2957 -0.573447580851409
2958 -0.573447580851409
2959 -0.65929761565874
2960 -0.65929761565874
2961 -0.751105446910797
2962 -0.505394598674252
2963 -0.774276748587051
2964 -0.779968988648921
2965 -0.701798902126908
2966 -0.568603419124829
2967 -0.753621929119984
2968 -0.775653375599874
2969 -0.760752168608135
2970 -0.743689556743694
2971 -0.740674797404937
2972 -0.550349809617658
2973 -0.768400295011239
2974 0.750471326606096
2975 -0.755834257141866
2976 0.515700759044805
2977 -0.720192034544696
2978 -0.606421934288338
2979 0.930077541622184
2980 -0.761437458850904
2981 -0.753687150237367
2982 1.61222836848878
2983 -0.155012888647369
2984 -0.727675961309688
2985 -0.662899359291187
2986 -0.385118511047804
2987 -0.552042106881306
2988 -0.643317306101804
2989 -0.786513054381682
2990 0.126213371939213
2991 -0.75146841045207
2992 -0.704411249868252
2993 -0.772592246328048
2994 -0.211357262529063
2995 0.355887287865687
2996 -0.789880201867577
2997 -0.750496755112914
2998 -0.764203289760171
2999 -0.667130554274254
3000 -0.54552894474832
3001 -0.328720249396223
3002 -0.453158170965815
3003 -0.692589776444275
3004 -0.23539859204143
3005 -0.634480434113584
3006 -0.326362213028377
3007 -0.291166640057838
3008 -0.253005532392865
3009 -0.78589088460059
3010 -0.725983763311616
3011 -0.772474401109953
3012 -0.72441268544991
3013 -0.58719487235302
3014 -0.748163846150167
3015 -0.489581785364254
3016 -0.474326146707681
3017 -0.660074356743631
3018 -0.737003143142362
3019 -0.721005095090547
3020 -0.672719433087953
3021 -0.624207606354887
