1 0
2 0
3 0
4 0
5 0
6 0
7 0
8 0
9 0
10 0
11 0
12 0
13 0
14 0
15 0
16 0
17 0
18 0
19 0
20 0
21 0
22 0
23 0
24 0
25 0
26 0
27 0
28 0
29 0
30 0
31 0
32 0
33 0
34 0
35 0
36 0
37 0
38 0
39 0
40 0
41 0
42 0
43 0
44 0
45 0
46 0
47 0
48 0
49 0
50 0
51 0
52 0
53 0
54 0
55 0
56 0
57 0
58 0
59 0
60 0
61 0
62 0
63 0
64 0
65 0
66 0
67 0
68 0
69 0
70 0
71 0
72 0
73 0
74 0
75 0
76 0
77 0
78 0
79 0
80 0
81 0
82 0
83 0
84 0
85 0
86 0
87 0
88 0
89 0
90 0
91 0
92 0
93 0
94 0
95 0
96 0
97 0
98 0
99 0
100 0
101 0
102 0
103 0
104 0
105 0
106 0
107 0
108 0
109 0
110 0
111 0
112 0
113 0
114 0
115 0
116 0
117 0
118 0
119 0
120 0
121 0
122 0
123 0
124 0
125 0
126 0
127 0
128 0
129 0
130 0
131 0
132 0
133 0
134 0
135 0
136 0
137 0
138 0
139 0
140 0
141 0
142 0
143 0
144 0
145 0
146 0
147 0
148 0
149 0
150 0
151 0
152 0
153 0
154 0
155 0
156 0
157 0
158 0
159 0
160 0
161 0
162 0
163 0
164 0
165 0
166 0
167 0
168 0
169 0
170 0
171 0
172 0
173 0
174 0
175 0
176 0
177 0
178 0
179 0
180 0
181 0
182 0
183 0
184 0
185 0
186 0
187 0
188 0
189 0
190 0
191 0
192 0
193 0
194 0
195 0
196 0
197 0
198 0
199 0
200 0
201 0
202 0
203 0
204 0
205 0
206 0
207 0
208 0
209 0
210 0
211 0
212 0
213 0
214 0
215 0
216 0
217 0
218 0
219 0
220 0
221 0
222 0
223 0
224 0
225 0
226 0
227 0
228 0
229 0
230 0
231 0
232 0
233 0
234 0
235 0
236 0
237 0
238 0
239 0
240 0
241 0
242 0
243 0
244 0
245 0
246 0
247 0
248 0
249 0
250 0
251 0
252 0
253 0
254 0
255 0
256 0
257 0
258 0
259 0
260 0
261 0
262 0
263 0
264 0
265 0
266 0
267 0
268 0
269 0
270 0
271 0
272 0
273 0
274 0
275 0
276 0
277 0
278 0
279 0
280 0
281 0
282 0
283 0
284 0
285 0
286 0
287 0
288 0
289 0
290 0
291 0
292 0
293 0
294 0
295 0
296 0
297 0
298 0
299 0
300 0
301 0
302 0
303 0
304 0
305 0
306 0
307 0
308 0
309 0
310 0
311 0
312 0
313 0
314 0
315 0
316 0
317 0
318 0
319 0
320 0
321 0
322 0
323 0
324 0
325 0
326 0
327 0
328 0
329 0
330 0
331 0
332 0
333 0
334 0
335 0
336 0
337 0
338 0
339 0
340 0
341 0
342 0
343 0
344 0
345 0
346 0
347 0
348 0
349 0
350 0
351 0
352 0
353 0
354 0
355 0
356 0
357 0
358 0
359 0
360 0
361 0
362 0
363 0
364 0
365 0
366 0
367 0
368 0
369 0
370 0
371 0
372 0
373 0
374 0
375 0
376 0
377 0
378 0
379 0
380 0
381 0
382 0
383 0
384 0
385 0
386 0
387 0
388 0
389 0
390 0
391 0
392 0
393 0
394 0
395 0
396 0
397 0
398 0
399 0
400 0
401 0
402 0
403 0
404 0
405 0
406 0
407 0
408 0
409 0
410 0
411 0
412 0
413 0
414 0
415 0
416 0
417 0
418 0
419 0
420 0
421 0
422 0
423 0
424 0
425 0
426 0
427 0
428 0
429 0
430 0
431 0
432 0
433 0
434 0
435 0
436 0
437 0
438 0
439 0
440 0
441 0
442 0
443 0
444 0
445 0
446 0
447 0
448 0
449 0
450 0
451 0
452 0
453 0
454 0
455 0
456 0
457 0
458 0
459 0
460 0
461 0
462 0
463 0
464 0
465 0
466 0
467 0
468 0
469 0
470 0
471 0
472 0
473 0
474 0
475 0
476 0
477 0
478 0
479 0
480 0
481 0
482 0
483 0
484 0
485 0
486 0
487 0
488 0
489 0
490 0
491 0
492 0
493 0
494 0
495 0
496 0
497 0
498 0
499 0
500 0
501 0
502 0
503 0
504 0
505 0
506 0
507 0
508 0
509 0
510 0
511 0
512 0
513 0
514 0
515 0
516 0
517 0
518 0
519 0
520 0
521 0
522 0
523 0
524 0
525 0
526 0
527 0
528 0
529 0
530 0
531 0
532 0
533 0
534 0
535 0
536 0
537 0
538 0
539 0
540 0
541 0
542 0
543 0
544 0
545 0
546 0
547 0
548 0
549 0
550 0
551 0
552 0
553 0
554 0
555 0
556 0
557 0
558 0
559 0
560 0
561 0
562 0
563 0
564 0
565 0
566 0
567 0
568 0
569 0
570 0
571 0
572 0
573 0
574 0
575 0
576 0
577 0
578 0
579 0
580 0
581 0
582 0
583 0
584 0
585 0
586 0
587 0
588 0
589 0
590 0
591 0
592 0
593 0
594 0
595 0
596 0
597 0
598 0
599 0
600 0
601 0
602 0
603 0
604 0
605 0
606 0
607 0
608 0
609 0
610 0
611 0
612 0
613 0
614 0
615 0
616 0
617 0
618 0
619 0
620 0
621 0
622 0
623 0
624 0
625 0
626 0
627 0
628 0
629 0
630 0
631 0
632 0
633 0
634 0
635 0
636 0
637 0
638 0
639 0
640 0
641 0
642 0
643 0
644 0
645 0
646 0
647 0
648 0
649 0
650 0
651 0
652 0
653 0
654 0
655 0
656 0
657 0
658 0
659 0
660 0
661 0
662 0
663 0
664 0
665 0
666 0
667 0
668 0
669 0
670 0
671 0
672 0
673 0
674 0
675 0
676 0
677 0
678 0
679 0
680 0
681 0
682 0
683 0
684 0
685 0
686 0
687 0
688 0
689 0
690 0
691 0
692 0
693 0
694 0
695 0
696 0
697 0
698 0
699 0
700 0
701 0
702 0
703 0
704 0
705 0
706 0
707 0
708 0
709 0
710 0
711 0
712 0
713 0
714 0
715 0
716 0
717 0
718 0
719 0
720 0
721 0
722 0
723 0
724 0
725 0
726 0
727 0
728 0
729 0
730 0
731 0
732 0
733 0
734 0
735 0
736 0
737 0
738 0
739 0
740 0
741 0
742 0
743 0
744 0
745 0
746 0
747 0
748 0
749 0
750 0
751 0
752 0
753 0
754 0
755 0
756 0
757 0
758 0
759 0
760 0
761 0
762 0
763 0
764 0
765 0
766 0
767 0
768 0
769 0
770 0
771 0
772 0
773 0
774 0
775 0
776 0
777 0
778 0
779 0
780 0
781 0
782 0
783 0
784 0
785 0
786 0
787 0
788 0
789 0
790 0
791 0
792 0
793 0
794 0
795 0
796 0
797 0
798 0
799 0
800 0
801 0
802 0
803 0
804 0
805 0
806 0
807 0
808 0
809 0
810 0
811 0
812 0
813 0
814 0
815 0
816 0
817 0
818 0
819 0
820 0
821 0
822 0
823 0
824 0
825 0
826 0
827 0
828 0
829 0
830 0
831 0
832 0
833 0
834 0
835 0
836 0
837 0
838 0
839 0
840 0
841 0
842 0
843 0
844 0
845 0
846 0
847 0
848 0
849 0
850 0
851 0
852 0
853 0
854 0
855 0
856 0
857 0
858 0
859 0
860 0
861 0
862 0
863 0
864 0
865 0
866 0
867 0
868 0
869 0
870 0
871 0
872 0
873 0
874 0
875 0
876 0
877 0
878 0
879 0
880 0
881 0
882 0
883 0
884 0
885 0
886 0
887 0
888 0
889 0
890 0
891 0
892 0
893 0
894 0
895 0
896 0
897 0
898 0
899 0
900 0
901 0
902 0
903 0
904 0
905 0
906 0
907 0
908 0
909 0
910 0
911 0
912 0
913 0
914 0
915 0
916 0
917 0
918 0
919 0
920 0
921 0
922 0
923 0
924 0
925 0
926 0
927 0
928 0
929 0
930 0
931 0
932 0
933 0
934 0
935 0
936 0
937 0
938 0
939 0
940 0
941 0
942 0
943 0
944 0
945 0
946 0
947 0
948 0
949 0
950 0
951 0
952 0
953 0
954 0
955 0
956 0
957 0
958 0
959 0
960 0
961 0
962 0
963 0
964 0
965 0
966 0
967 0
968 0
969 0
970 0
971 0
972 0
973 0
974 0
975 0
976 0
977 0
978 0
979 0
980 0
981 0
982 0
983 0
984 0
985 0
986 0
987 0
988 0
989 0
990 0
991 0
992 0
993 0
994 0
995 0
996 0
997 0
998 0
999 0
1000 0
1001 0
1002 0
1003 0
1004 0
1005 0
1006 0
1007 0
1008 0
1009 0
1010 0
1011 0
1012 0
1013 0
1014 0
1015 0
1016 0
1017 0
1018 0
1019 0
1020 0
1021 0
1022 0
1023 0
1024 0
1025 0
1026 0
1027 0
1028 0
1029 0
1030 0
1031 0
1032 0
1033 0
1034 0
1035 0
1036 0
1037 0
1038 0
1039 0
1040 0
1041 0
1042 0
1043 0
1044 0
1045 0
1046 0
1047 0
1048 0
1049 0
1050 0
1051 0
1052 0
1053 0
1054 0
1055 0
1056 0
1057 0
1058 0
1059 0
1060 0
1061 0
1062 0
1063 0
1064 0
1065 0
1066 0
1067 0
1068 0
1069 0
1070 0
1071 0
1072 0
1073 0
1074 0
1075 0
1076 0
1077 0
1078 0
1079 0
1080 0
1081 0
1082 0
1083 0
1084 0
1085 0
1086 0
1087 0
1088 0
1089 0
1090 0
1091 0
1092 0
1093 0
1094 0
1095 0
1096 0
1097 0
1098 0
1099 0
1100 0
1101 0
1102 0
1103 0
1104 0
1105 0
1106 0
1107 0
1108 0
1109 0
1110 0
1111 0
1112 0
1113 0
1114 0
1115 0
1116 0
1117 0
1118 0
1119 0
1120 0
1121 0
1122 0
1123 0
1124 0
1125 0
1126 0
1127 0
1128 0
1129 0
1130 0
1131 0
1132 0
1133 0
1134 0
1135 0
1136 0
1137 0
1138 0
1139 0
1140 0
1141 0
1142 0
1143 0
1144 0
1145 0
1146 0
1147 0
1148 0
1149 0
1150 0
1151 0
1152 0
1153 0
1154 0
1155 0
1156 0
1157 0
1158 0
1159 0
1160 0
1161 0
1162 0
1163 0
1164 0
1165 0
1166 0
1167 0
1168 0
1169 0
1170 0
1171 0
1172 0
1173 0
1174 0
1175 0
1176 0
1177 0
1178 0
1179 0
1180 0
1181 0
1182 0
1183 0
1184 0
1185 0
1186 0
1187 0
1188 0
1189 0
1190 0
1191 0
1192 0
1193 0
1194 0
1195 0
1196 0
1197 0
1198 0
1199 0
1200 0
1201 0
1202 0
1203 0
1204 0
1205 0
1206 0
1207 0
1208 0
1209 0
1210 0
1211 0
1212 0
1213 0
1214 0
1215 0
1216 0
1217 0
1218 0
1219 0
1220 0
1221 0
1222 0
1223 0
1224 0
1225 0
1226 0
1227 0
1228 0
1229 0
1230 0
1231 0
1232 0
1233 0
1234 0
1235 0
1236 0
1237 0
1238 0
1239 0
1240 0
1241 0
1242 0
1243 0
1244 0
1245 0
1246 0
1247 0
1248 0
1249 0
1250 0
1251 0
1252 0
1253 0
1254 0
1255 0
1256 0
1257 0
1258 0
1259 0
1260 0
1261 0
1262 0
1263 0
1264 0
1265 0
1266 0
1267 0
1268 0
1269 0
1270 0
1271 0
1272 0
1273 0
1274 0
1275 0
1276 0
1277 0
1278 0
1279 0
1280 0
1281 0
1282 0
1283 0
1284 0
1285 0
1286 0
1287 0
1288 0
1289 0
1290 0
1291 0
1292 0
1293 0
1294 0
1295 0
1296 0
1297 0
1298 0
1299 0
1300 0
1301 0
1302 0
1303 0
1304 0
1305 0
1306 0
1307 0
1308 0
1309 0
1310 0
1311 0
1312 0
1313 0
1314 0
1315 0
1316 0
1317 0
1318 0
1319 0
1320 0
1321 0
1322 0
1323 0
1324 0
1325 0
1326 0
1327 0
1328 0
1329 0
1330 0
1331 0
1332 0
1333 0
1334 0
1335 0
1336 0
1337 0
1338 0
1339 0
1340 0
1341 0
1342 0
1343 0
1344 0
1345 0
1346 0
1347 0
1348 0
1349 0
1350 0
1351 0
1352 0
1353 0
1354 0
1355 0
1356 0
1357 0
1358 0
1359 0
1360 0
1361 0
1362 0
1363 0
1364 0
1365 0
1366 0
1367 0
1368 0
1369 0
1370 0
1371 0
1372 0
1373 0
1374 0
1375 0
1376 0
1377 0
1378 0
1379 0
1380 0
1381 0
1382 0
1383 0
1384 0
1385 0
1386 0
1387 0
1388 0
1389 0
1390 0
1391 0
1392 0
1393 0
1394 0
1395 0
1396 0
1397 0
1398 0
1399 0
1400 0
1401 0
1402 0
1403 0
1404 0
1405 0
1406 0
1407 0
1408 0
1409 0
1410 0
1411 0
1412 0
1413 0
1414 0
1415 0
1416 0
1417 0
1418 0
1419 0
1420 0
1421 0
1422 0
1423 0
1424 0
1425 0
1426 0
1427 0
1428 0
1429 0
1430 0
1431 0
1432 0
1433 0
1434 0
1435 0
1436 0
1437 0
1438 0
1439 0
1440 0
1441 0
1442 0
1443 0
1444 0
1445 0
1446 0
1447 0
1448 0
1449 0
1450 0
1451 0
1452 0
1453 0
1454 0
1455 0
1456 0
1457 0
1458 0
1459 0
1460 0
1461 0
1462 0
1463 0
1464 0
1465 0
1466 0
1467 0
1468 0
1469 0
1470 0
1471 0
1472 0
1473 0
1474 0
1475 0
1476 0
1477 0
1478 0
1479 0
1480 0
1481 0
1482 0
1483 0
1484 0
1485 0
1486 0
1487 0
1488 0
1489 0
1490 0
1491 0
1492 0
1493 0
1494 0
1495 0
1496 0
1497 0
1498 0
1499 0
1500 0
1501 0
1502 0
1503 0
1504 0
1505 0
1506 0
1507 0
1508 0
1509 0
1510 0
1511 0
1512 0
1513 0
1514 0
1515 0
1516 0
1517 0
1518 0
1519 0
1520 0
1521 0
1522 0
1523 0
1524 0
1525 0
1526 0
1527 0
1528 0
1529 0
1530 0
1531 0
1532 0
1533 0
1534 0
1535 0
1536 0
1537 0
1538 0
1539 0
1540 0
1541 0
1542 0
1543 0
1544 0
1545 0
1546 0
1547 0
1548 0
1549 0
1550 0
1551 0
1552 0
1553 0
1554 0
1555 0
1556 0
1557 0
1558 0
1559 0
1560 0
1561 0
1562 0
1563 0
1564 0
1565 0
1566 0
1567 0
1568 0
1569 0
1570 0
1571 0
1572 0
1573 0
1574 0
1575 0
1576 0
1577 0
1578 0
1579 0
1580 0
1581 0
1582 0
1583 0
1584 0
1585 0
1586 0
1587 0
1588 0
1589 0
1590 0
1591 0
1592 0
1593 0
1594 0
1595 0
1596 0
1597 0
1598 0
1599 0
1600 0
1601 0
1602 0
1603 0
1604 0
1605 0
1606 0
1607 0
1608 0
1609 0
1610 0
1611 0
1612 0
1613 0
1614 0
1615 0
1616 0
1617 0
1618 0
1619 0
1620 0
1621 0
1622 0
1623 0
1624 0
1625 0
1626 0
1627 0
1628 0
1629 0
1630 0
1631 0
1632 0
1633 0
1634 0
1635 0
1636 0
1637 0
1638 0
1639 0
1640 0
1641 0
1642 0
1643 0
1644 0
1645 0
1646 0
1647 0
1648 0
1649 0
1650 0
1651 0
1652 0
1653 0
1654 0
1655 0
1656 0
1657 0
1658 0
1659 0
1660 0
1661 0
1662 0
1663 0
1664 0
1665 0
1666 0
1667 0
1668 0
1669 0
1670 0
1671 0
1672 0
1673 0
1674 0
1675 0
1676 0
1677 0
1678 0
1679 0
1680 0
1681 0
1682 0
1683 0
1684 0
1685 0
1686 0
1687 0
1688 0
1689 0
1690 0
1691 0
1692 0
1693 0
1694 0
1695 0
1696 0
1697 0
1698 0
1699 0
1700 0
1701 0
1702 0
1703 0
1704 0
1705 0
1706 0
1707 0
1708 0
1709 0
1710 0
1711 0
1712 0
1713 0
1714 0
1715 0
1716 0
1717 0
1718 0
1719 0
1720 0
1721 0
1722 0
1723 0
1724 0
1725 0
1726 0
1727 0
1728 0
1729 0
1730 0
1731 0
1732 0
1733 0
1734 0
1735 0
1736 0
1737 0
1738 0
1739 0
1740 0
1741 0
1742 0
1743 0
1744 0
1745 0
1746 0
1747 0
1748 0
1749 0
1750 0
1751 0
1752 0
1753 0
1754 0
1755 0
1756 0
1757 0
1758 0
1759 0
1760 0
1761 0
1762 0
1763 0
1764 0
1765 0
1766 0
1767 0
1768 0
1769 0
1770 0
1771 0
1772 0
1773 0
1774 0
1775 0
1776 0
1777 0
1778 0
1779 0
1780 0
1781 0
1782 0
1783 0
1784 0
1785 0
1786 0
1787 0
1788 0
1789 0
1790 0
1791 0
1792 0
1793 0
1794 0
1795 0
1796 0
1797 0
1798 0
1799 0
1800 0
1801 0
1802 0
1803 0
1804 0
1805 0
1806 0
1807 0
1808 0
1809 0
1810 0
1811 0
1812 0
1813 0
1814 0
1815 0
1816 0
1817 0
1818 0
1819 0
1820 0
1821 0
1822 0
1823 0
1824 0
1825 0
1826 0
1827 0
1828 0
1829 0
1830 0
1831 0
1832 0
1833 0
1834 0
1835 0
1836 0
1837 0
1838 0
1839 0
1840 0
1841 0
1842 0
1843 0
1844 0
1845 0
1846 0
1847 0
1848 0
1849 0
1850 0
1851 0
1852 0
1853 0
1854 0
1855 0
1856 0
1857 0
1858 0
1859 0
1860 0
1861 0
1862 0
1863 0
1864 0
1865 0
1866 0
1867 0
1868 0
1869 0
1870 0
1871 0
1872 0
1873 0
1874 0
1875 0
1876 0
1877 0
1878 0
1879 0
1880 0
1881 0
1882 0
1883 0
1884 0
1885 0
1886 0
1887 0
1888 0
1889 0
1890 0
1891 0
1892 0
1893 0
1894 0
1895 0
1896 0
1897 0
1898 0
1899 0
1900 0
1901 0
1902 0
1903 0
1904 0
1905 0
1906 0
1907 0
1908 0
1909 0
1910 0
1911 0
1912 0
1913 0
1914 0
1915 0
1916 0
1917 0
1918 0
1919 0
1920 0
1921 0
1922 0
1923 0
1924 0
1925 0
1926 0
1927 0
1928 0
1929 0
1930 0
1931 0
1932 0
1933 0
1934 0
1935 0
1936 0
1937 0
1938 0
1939 0
1940 0
1941 0
1942 0
1943 0
1944 0
1945 0
1946 0
1947 0
1948 0
1949 0
1950 0
1951 0
1952 0
1953 0
1954 0
1955 0
1956 0
1957 0
1958 0
1959 0
1960 0
1961 0
1962 0
1963 0
1964 0
1965 0
1966 0
1967 0
1968 0
1969 0
1970 0
1971 0
1972 0
1973 0
1974 0
1975 0
1976 0
1977 0
1978 0
1979 0
1980 0
1981 0
1982 0
1983 0
1984 0
1985 0
1986 0
1987 0
1988 0
1989 0
1990 0
1991 0
1992 0
1993 0
1994 0
1995 0
1996 0
1997 0
1998 0
1999 0
2000 0
2001 0
2002 0
2003 0
2004 0
2005 0
2006 0
2007 0
2008 0
2009 0
2010 0
2011 0
2012 0
2013 0
2014 0
2015 0
2016 0
2017 0
2018 0
2019 0
2020 0
2021 0
2022 0
2023 0
2024 0
2025 0
2026 0
2027 0
2028 0
2029 0
2030 0
2031 0
2032 0
2033 0
2034 0
2035 0
2036 0
2037 0
2038 0
2039 0
2040 0
2041 0
2042 0
2043 0
2044 0
2045 0
2046 0
2047 0
2048 0
2049 0
2050 0
2051 0
2052 0
2053 0
2054 0
2055 0
2056 0
2057 0
2058 0
2059 0
2060 0
2061 0
2062 0
2063 0
2064 0
2065 2.28897453092554
2066 7.8643629616232
2067 1.75804370222716
2068 8.69668661249979
2069 3.19879364135106
2070 1.47811298643038
2071 2.53449844412902
2072 1.41589123131279
2073 3.51176475567786
2074 6.03106873194117
2075 1.87016423644304
2076 4.31862915746663
2077 4.75247000800118
2078 2.51347584334295
2079 2.53849974438393
2080 2.51196200060491
2081 4.33480754398103
2082 1.89530475593889
2083 2.12197325340505
2084 3.20338535153291
2085 3.31064753602053
2086 2.02475581910499
2087 1.5360845456481
2088 4.12746897693566
2089 1.22205209178756
2090 5.94744639350534
2091 2.19699364845303
2092 10.1349573504561
2093 3.28080603336321
2094 4.99967801118648
2095 3.99682887258635
2096 3.11663007812023
2097 3.14052810138044
2098 6.10079470646845
2099 4.75466620140883
2100 5.30493709946688
2101 1.66692866101968
2102 2.68566055121355
2103 1.3776990070674
2104 4.45221848803549
2105 1.45520280196765
2106 2.78066325043629
2107 2.27596117310171
2108 3.56845991241586
2109 4.77135145881184
2110 3.92416030904548
2111 2.51365036486892
2112 0
2113 3.71118609540361
2114 12.3866457428174
2115 2.23009302157295
2116 4.94101700179562
2117 1.88460452410795
2118 1.22157454222057
2119 1.31639953876915
2120 1.85966735855911
2121 1.22726324336164
2122 1.37102822638622
2123 5.75325982954084
2124 4.25184252243327
2125 0
2126 1.28048170268236
2127 4.70257639116681
2128 2.39387062216237
2129 2.79596408196692
2130 1.99437871678063
2131 3.08469918429958
2132 5.73134947804534
2133 5.4503565819675
2134 2.36299664280475
2135 5.68730997332564
2136 2.67545533176445
2137 1.91598765393305
2138 3.18595856509259
2139 1.55619945824331
2140 1.87759621176191
2141 1.74241753710098
2142 5.33019382750353
2143 1.85559993319942
2144 2.38626806796543
2145 3.49577439602814
2146 1.72518611872093
2147 4.22829228360693
2148 5.382605559913
2149 1.57377072226247
2150 1.71297207331452
2151 5.67997515914206
2152 2.36461266446181
2153 3.67349883512105
2154 5.54954285125605
2155 4.56979911337027
2156 5.67189456552594
2157 1.64463096296492
2158 2.30800431726682
2159 1.3222480952532
2160 2.15958573335168
2161 5.9080369044181
2162 1.70782424211908
2163 3.10727104634103
2164 4.25184252243327
2165 2.15090339204334
2166 1.741272336096
2167 3.44151575930795
2168 3.10386260657067
2169 1.59453873718591
2170 2.96088926136715
2171 3.21180661630821
2172 3.30102187178904
2173 0
2174 4.71932787553556
2175 3.81246968429658
2176 3.89662760841907
2177 3.12972992855694
2178 4.19651851457467
2179 3.75413934120512
2180 2.68682356316718
2181 9.26790103558927
2182 3.9979455527932
2183 1.32734740045881
2184 0
2185 3.78862105038141
2186 1.4379359285913
2187 2.04156472129928
2188 3.18802912399144
2189 1.56030843730638
2190 2.41111955353346
2191 3.26659989519739
2192 4.83956625344245
2193 6.50608460294748
2194 1.51850938593895
2195 4.2860008249582
2196 1.88286674061888
2197 0
2198 2.88537251344658
2199 1.46724557994856
2200 3.32059186209304
2201 5.74407803605621
2202 5.50301222988512
2203 6.43517182896952
2204 3.20331826684173
2205 6.55452930721655
2206 1.41556140859994
2207 1.2369923955184
2208 7.00483307852941
2209 2.2980743222418
2210 2.56021874083253
2211 0
2212 2.30530102953402
2213 3.87660370285482
2214 4.17630559371068
2215 2.01831229823845
2216 2.42835719649084
2217 7.08594715629191
2218 3.18595856509259
2219 0
2220 4.61511330334985
2221 3.81246968429658
2222 0
2223 2.27526529549737
2224 1.79136261476602
2225 0
2226 1.28057243774999
2227 2.55970140675831
2228 3.43726697468219
2229 1.51652550166338
2230 1.48805960122784
2231 3.80222037817715
2232 2.28897453092554
2233 2.1518670191512
2234 0
2235 2.80183402780537
2236 6.38053270003033
2237 2.24958064027478
2238 2.43205991364867
2239 1.51812987579263
2240 4.72102858772159
2241 2.94959385342674
2242 0
2243 0
2244 4.11500024105535
2245 2.35968071216157
2246 3.67903983571205
2247 1.44691263632703
2248 3.80088737258379
2249 9.36069388035595
2250 4.62726302501168
2251 4.5657704716846
2252 0
2253 11.005414509022
2254 2.79923253353969
2255 2.37713033072866
2256 1.56982321101199
2257 5.73604924978363
2258 4.20955536376138
2259 1.28912981880969
2260 2.52892358307517
2261 5.06812126839591
2262 4.26995445018106
2263 5.26826267839756
2264 2.41111955353346
2265 10.9849197516264
2266 1.79284445321433
2267 3.23447232816727
2268 2.93481773026391
2269 1.52221330788702
2270 2.64512236534172
2271 2.09431128199389
2272 1.31732525438467
2273 1.69320748632641
2274 4.52382844269259
2275 3.30685127614106
2276 2.02871739772821
2277 7.05424536577728
2278 3.62927975587647
2279 4.72882459742411
2280 3.02490448455453
2281 4.676325487729
2282 5.95258264677109
2283 1.26716706248249
2284 3.45826313523686
2285 4.6094992116854
2286 3.25539508444796
2287 1.46481753119564
2288 2.69698939035289
2289 1.44167465404277
2290 2.94568082016972
2291 2.51699330533853
2292 3.96338611362924
2293 2.0813294911761
2294 5.6677240990494
2295 5.08391205694554
2296 3.00771725298948
2297 4.86545721441224
2298 0
2299 3.12270968743248
2300 1.89615344499002
2301 1.87154837504966
2302 2.07413664183538
2303 4.37866250038013
2304 10.0778576688639
2305 2.69812873787728
2306 2.81677396586913
2307 1.65948398608401
2308 1.30873694180979
2309 3.83501146795853
2310 1.48960660018751
2311 1.9120867066433
2312 1.47336950934717
2313 2.86778728382108
2314 3.21074051942694
2315 5.76795458120053
2316 1.79680050421811
2317 2.04515276528374
2318 2.29212380628688
2319 4.74276332507917
2320 2.8707151460043
2321 2.28780455156743
2322 4.12867867638327
2323 3.3475286179308
2324 3.71656460496734
2325 1.72808845260061
2326 2.95989798886816
2327 1.33118337150359
2328 1.51465993125291
2329 8.01721403469266
2330 4.70248231157486
2331 1.83545499522674
2332 1.41347683168504
2333 2.9935832257903
2334 4.6030489986123
2335 1.98884705810421
2336 8.22283597999694
2337 2.06915786947679
2338 1.60317313348531
2339 1.30156269297369
2340 2.9960801231353
2341 4.25184252243327
2342 1.93352047543197
2343 3.15718366524543
2344 3.84041343843161
2345 4.02611219445247
2346 2.53221965478548
2347 1.64728614442293
2348 4.11027427443213
2349 2.68493154055614
2350 3.76964823874615
2351 4.43263587989048
2352 2.93632567446619
2353 0
2354 0
2355 0
2356 0
2357 2.10564305747854
2358 4.05838503291368
2359 1.54958708147741
2360 0
2361 2.42900650955953
2362 2.1426206402487
2363 1.90786497915465
2364 2.64308645033935
2365 4.18994839011002
2366 1.46644513107008
2367 1.2409776874732
2368 2.04718398437389
2369 0
2370 0
2371 0
2372 2.22117930901746
2373 2.4987906266034
2374 0
2375 0
2376 0
2377 1.3358622001376
2378 2.49185162356056
2379 1.23151708269491
2380 0
2381 0
2382 0
2383 1.27631107123474
2384 3.01015621099847
2385 2.60826092852984
2386 3.63070098617111
2387 3.14494968387893
2388 0
2389 1.61969712555031
2390 0
2391 1.31173471578927
2392 2.28294716188305
2393 6.66562639786666
2394 0
2395 2.90281937874786
2396 5.082607955289
2397 2.01545332186102
2398 1.2533824433663
2399 6.63352084899886
2400 4.10235708967482
2401 2.32885540814979
2402 1.91389031034988
2403 0
2404 0
2405 0
2406 3.9115956038899
2407 1.41147212949316
2408 3.17298484641404
2409 1.63303103133834
2410 1.94873194959589
2411 2.55222915702639
2412 1.84335998786131
2413 15.3645533973311
2414 5.9277187475297
2415 1.92436363664056
2416 1.59169229588478
2417 1.5150984003409
2418 3.8014082509884
2419 2.42222174479699
2420 1.43927646614855
2421 1.81026995995666
2422 1.46810012814172
2423 6.5489851397202
2424 1.39353305352869
2425 2.41536133508806
2426 0
2427 2.01466268707306
2428 1.23966731165201
2429 5.68730997332564
2430 0
2431 2.39387062216237
2432 6.10512373653691
2433 4.29734621822199
2434 4.70257639116681
2435 1.74005102603517
2436 2.84680996277792
2437 2.67789245581311
2438 1.5029394927991
2439 3.61870576354473
2440 2.84385854078668
2441 2.43967689978619
2442 4.51538297352409
2443 2.23009302157295
2444 1.85966735855911
2445 3.02891516397629
2446 2.24547928247432
2447 4.26170807875521
2448 8.5813285606937
2449 1.64431736037019
2450 2.24402516076365
2451 2.12861190393261
2452 1.93797579333345
2453 2.35809089619135
2454 1.32559619357647
2455 3.82753170611583
2456 2.44534413767275
2457 0
2458 0
2459 6.60804116371373
2460 4.94988759463324
2461 1.43251118278135
2462 7.10043524149136
2463 1.55067688161024
2464 8.21967423097404
2465 2.18423805632734
2466 1.49996732163776
2467 10.2900728454979
2468 2.03926642713957
2469 3.30795610030981
2470 7.17492014974974
2471 4.82514933515184
2472 2.31709741257801
2473 3.50342208490894
2474 1.5760772474711
2475 3.38134145706728
2476 0
2477 2.76332748664043
2478 1.41120104945521
2479 2.39868341587716
2480 1.62249594345906
2481 4.26982782165398
2482 1.81432986028034
2483 3.00956352457881
2484 3.49712825052227
2485 3.30358141378979
2486 4.40115018207047
2487 3.76597895146353
2488 1.68993787367551
2489 2.57940434512338
2490 2.32231560616814
2491 2.02067986542532
2492 1.32628760557869
2493 1.98458057177333
2494 2.70095530719969
2495 2.44165267024092
2496 0
2497 1.61931259647446
2498 3.08072905713361
2499 0
2500 2.94461063946577
2501 1.42786364665155
2502 3.38851300441422
2503 6.79771231240003
2504 1.96492584956783
2505 4.65610435563872
2506 5.37969095814824
2507 1.75743657592763
2508 3.8232468362828
2509 3.92173447736885
2510 2.77500804462867
2511 2.60973240473189
2512 1.72808845260061
2513 2.82768323630967
2514 2.23853567131289
2515 0
2516 5.2139257064111
2517 2.96088926136715
2518 1.74958267155786
2519 0
2520 0
2521 0
2522 0
2523 8.67644450447794
2524 2.242074683226
2525 4.70769345427621
2526 6.2819114581115
2527 2.60727424678941
2528 1.28023871496555
2529 4.57406304177835
2530 2.52215502124168
2531 2.34066454425296
2532 2.39264008857807
2533 0
2534 4.90762812485982
2535 3.57085844069047
2536 2.27089906015021
2537 5.28733868946758
2538 4.3221940557792
2539 5.88496296297629
2540 3.20138281094587
2541 1.62091140803369
2542 1.48065246197656
2543 3.42686556766966
2544 1.3756737982931
2545 4.57406304177835
2546 5.39243825557016
2547 2.62507592646386
2548 3.5101578177993
2549 7.05424536577728
2550 1.96044478081767
2551 2.69698939035289
2552 4.13975268004219
2553 2.43967689978619
2554 1.33339949561416
2555 7.00483307852941
2556 0
2557 0
2558 0
2559 3.92165725607955
2560 2.33309420173622
2561 1.52872783051687
2562 0
2563 3.2295101669391
2564 0
2565 0
2566 6.61772062461679
2567 1.93797579333345
2568 2.00700588002063
2569 2.44534413767275
2570 3.32630739203377
2571 6.73926842440095
2572 0
2573 3.04912505477913
2574 4.14394602203155
2575 6.87420852027887
2576 0
2577 3.94744219054053
2578 1.32734740045881
2579 1.7218034335247
2580 7.00483307852941
2581 1.79065446350602
2582 3.61189937222409
2583 6.38320620882101
2584 5.08035419159852
2585 5.45793370381869
2586 1.62965117526933
2587 3.51617310371613
2588 2.2390071194428
2589 5.26826267839756
2590 2.35195705202366
2591 1.85925890361295
2592 1.63032544842181
2593 0
2594 1.4740590668711
2595 2.73999847534384
2596 3.83637912500588
2597 2.27089906015021
2598 0
2599 0
2600 3.49434984253722
2601 1.41120104945521
2602 1.2466827079194
2603 11.005414509022
2604 3.67508878310744
2605 1.86632886380553
2606 0
2607 1.78376408545837
2608 1.59169229588478
2609 0
2610 0
2611 3.51176475567786
2612 1.88832565427111
2613 0
2614 2.83673518286346
2615 0
2616 0
2617 0
2618 0
2619 0
2620 0
2621 4.8048967586412
2622 0
2623 4.53127202421846
2624 1.63663414660495
2625 2.10747902486125
2626 4.05466913965835
2627 3.61242495755203
2628 2.98776592126066
2629 5.13653223072447
2630 0
2631 2.47934700390225
2632 0
2633 1.83909042079146
2634 0
2635 2.420800223329
2636 2.2404510871288
2637 2.04463109404156
2638 5.53135558495105
2639 1.88832565427111
2640 2.3029572919954
2641 1.84335998786131
2642 1.59169229588478
2643 3.3197394148153
2644 1.41589123131279
2645 2.53449844412902
2646 1.58517328423679
2647 3.27810884447206
2648 3.29492298131172
2649 0
2650 0
2651 2.11139173188358
2652 1.88397201677419
2653 2.28234778176214
2654 4.35826696614221
2655 1.51703496465855
2656 0
2657 0
2658 0
2659 2.33339732135852
2660 0
2661 9.34338959086193
2662 2.90225636546797
2663 3.07362785440507
2664 4.2762484470799
2665 3.9181618117655
2666 1.81822501451616
2667 8.67644450447794
2668 4.00698569755783
2669 2.35994206744601
2670 1.3756737982931
2671 0
2672 1.49489401554715
2673 2.15325157022549
2674 3.14597488271461
2675 2.34153389278917
2676 5.07213920342048
2677 4.6135368530906
2678 0
2679 0
2680 1.89829525408307
2681 0
2682 0
2683 0
2684 1.98458057177333
2685 5.5817397892906
2686 5.18300202001856
2687 0
2688 1.27104727425371
2689 3.09746615510172
2690 0
2691 4.59258710869572
2692 3.43726697468219
2693 0
2694 0
2695 0
2696 0
2697 2.73175180911624
2698 5.13708366241553
2699 0
2700 0
2701 6.05391449403753
2702 1.49663405942442
2703 3.57592145380863
2704 2.03496924037692
2705 4.07762933861173
2706 4.79785431343272
2707 2.58553163186816
2708 1.35321131116561
2709 1.5029394927991
2710 3.89051310529468
2711 7.87679463601857
2712 6.66562639786666
2713 2.90281937874786
2714 3.01215078424209
2715 4.2026480488565
2716 3.54292377011833
2717 0
2718 0
2719 0
2720 3.38632963675623
2721 0
2722 0
2723 4.28157105972338
2724 4.20955536376138
2725 0
2726 0
2727 1.78376408545837
2728 1.51985362406448
2729 0
2730 2.04463109404156
2731 1.43837063480456
2732 1.41589123131279
2733 2.53449844412902
2734 0
2735 0
2736 0
2737 1.97191924364798
2738 2.69698939035289
2739 0
2740 0
2741 2.35195705202366
2742 22.5727771648158
2743 1.69561472237643
2744 4.02935763739637
2745 6.87932368036577
2746 22.5727771648158
2747 0
2748 4.26982782165398
2749 0
2750 0
2751 0
2752 0
2753 10.7037086786632
2754 10.8194583749123
2755 2.44679477484413
2756 0
2757 3.04618696115519
2758 4.26995445018106
2759 3.8232468362828
2760 0
2761 0
2762 2.4354120270409
2763 1.23852667484334
2764 6.00824657304991
2765 0
2766 0
2767 4.20404606805031
2768 0
2769 0
2770 0
2771 1.43516899756016
2772 5.13708366241553
2773 6.79771231240003
2774 1.35823632114433
2775 1.55067688161024
2776 1.70817886920704
2777 0
2778 6.5911585066325
2779 2.37021521299177
2780 0
2781 1.45977848184975
2782 3.32630739203377
2783 0
2784 0
2785 0
2786 0
2787 0
2788 0
2789 0
2790 2.53223150057687
2791 0
2792 6.98359483222228
2793 0
2794 0
2795 0
2796 0
2797 0
2798 0
2799 1.40859290028039
2800 0
2801 0
2802 0
2803 0
2804 0
2805 0
2806 0
2807 5.57463977863575
2808 2.2100747160747
2809 2.98776592126066
2810 3.29492298131172
2811 1.49484515275514
2812 0
2813 2.41111955353346
2814 4.0738305671892
2815 2.02772855997236
2816 5.57463977863575
2817 4.42082119188905
2818 8.5813285606937
2819 3.87660370285482
2820 0
2821 1.84712864294606
2822 2.86778728382108
2823 0
2824 1.45091145006825
2825 4.2026480488565
2826 0
2827 0
2828 2.10868472553488
2829 0
2830 1.69561472237643
2831 1.85966735855911
2832 0
2833 4.27162885693637
2834 0
2835 4.97161142524839
2836 2.1030204488215
2837 1.67521354537955
2838 4.40823976131106
2839 0
2840 3.1641460712705
2841 1.35710336390108
2842 1.87771221024126
2843 1.57499661545281
2844 0
2845 1.83381970098068
2846 2.80719646331978
2847 0
2848 6.66562639786666
2849 4.06896344607574
2850 5.32140976846464
2851 4.65610435563872
2852 4.55084145643527
2853 2.17040829753737
2854 1.42226685048551
2855 3.55810159751715
2856 0
2857 5.2139257064111
2858 0
2859 0
2860 3.17298484641404
2861 0
2862 0
2863 5.39243825557016
2864 2.27016319060756
2865 4.2026480488565
2866 3.54292377011833
2867 2.1030204488215
2868 0
2869 2.13823371709766
2870 0
2871 6.96740222539589
2872 2.76867427890308
2873 2.4354120270409
2874 1.32131960843301
2875 5.65510505997411
2876 3.48954050266527
2877 1.45923236319287
2878 6.44752852876409
2879 0
2880 3.09746615510172
2881 1.47993850620713
2882 4.38502155524664
2883 1.45923236319287
2884 1.68852111007914
2885 6.44752852876409
2886 2.3396315366338
2887 2.4354120270409
2888 3.09260135584982
2889 2.8617045962122
2890 6.9444287925186
2891 3.19812848769797
2892 3.55776864046555
2893 4.36924372518719
2894 1.68852111007914
2895 0
2896 1.64574223796234
2897 0
2898 1.47241199454879
2899 0
2900 4.02935763739637
2901 2.36677976561661
2902 4.3746077223897
2903 0
2904 2.77497352543266
2905 1.4740590668711
2906 0
2907 0
2908 0
2909 8.69668661249979
2910 0
2911 3.0233369039537
2912 0
2913 2.40254641084398
2914 0
2915 0
2916 0
2917 0
2918 0
2919 0
2920 3.42998539797841
2921 2.86778728382108
2922 0
2923 0
2924 0
2925 0
2926 3.81246968429658
2927 1.44289936882785
2928 2.39627267495179
2929 0
2930 0
2931 0
2932 3.35933725069499
2933 1.82123106521193
2934 1.92436363664056
2935 6.28276711076675
2936 1.30152721577885
2937 3.77277872152719
2938 0
2939 0
2940 0
2941 0
2942 3.35933725069499
2943 1.35710336390108
2944 0
2945 0
2946 10.1400941746428
2947 5.45793370381869
2948 1.99298555745602
2949 4.50837211497851
2950 4.72882459742411
2951 2.84339381195688
2952 0
2953 0
2954 5.72738464277703
2955 3.08843125769624
2956 0
2957 3.212437851609
2958 1.53616068832304
2959 0
2960 6.5911585066325
2961 0
2962 0
2963 0
2964 0
2965 0
2966 0
2967 0
2968 1.96001618946414
2969 1.49359167815868
2970 0
2971 0
2972 4.62726302501168
2973 0
2974 0
2975 0
2976 1.45248576135785
2977 5.27378766991222
2978 0
2979 2.18423805632734
2980 0
2981 0
2982 0
2983 3.13782361261148
2984 0
2985 0
2986 0
2987 0
2988 0
2989 0
2990 1.44974829268759
2991 0
2992 0
2993 0
2994 4.18994839011002
2995 2.03911586213387
2996 3.83362343659982
2997 2.43205991364867
2998 4.26982782165398
2999 0
3000 0
3001 2.60491801889469
3002 3.9181618117655
3003 2.00614052619374
3004 0
3005 7.19443173270467
3006 1.38888463585036
3007 0
3008 0
3009 1.27472644156212
3010 0
3011 1.91871145895353
3012 5.87831861573433
3013 1.55643361699982
3014 2.70581702923779
3015 1.50304034711222
3016 5.57463977863575
3017 2.42900650955953
3018 1.69008602211306
3019 2.72275179750815
3020 1.64463096296492
3021 2.60727424678941
3022 2.13823371709766
3023 1.41407033026919
3024 2.6772498194856
3025 0
3026 2.70581702923779
3027 0
3028 0
3029 0
3030 5.4511243061284
3031 2.27016319060756
3032 2.60727424678941
3033 3.22042019057814
3034 7.92794390299188
3035 3.67232045922843
3036 4.88501438642284
3037 3.5899157030279
3038 4.02935763739637
3039 2.56839914753071
3040 0
3041 0
3042 3.07241102616545
3043 8.5813285606937
3044 3.07241102616545
3045 0
3046 2.01466268707306
3047 1.41407033026919
3048 2.47431824932038
3049 0
3050 0
3051 0
3052 0
3053 0
3054 0
3055 0
3056 1.61931259647446
3057 1.93663382039247
3058 0
3059 3.18802912399144
3060 0
3061 0
3062 0
3063 0
3064 0
3065 0
3066 0
3067 0
3068 0
3069 0
3070 0
3071 0
3072 0
3073 0
3074 0
3075 5.27378766991222
3076 0
3077 0
3078 6.03106873194117
3079 0
3080 0
3081 3.04392117735931
3082 1.22455751934803
3083 0
3084 0
3085 3.04392117735931
3086 0
3087 1.26348613515341
3088 0
3089 1.26348613515341
3090 1.22455751934803
3091 0
3092 0
3093 0
3094 0
3095 4.61511330334985
3096 0
3097 0
3098 0
3099 2.76292994157722
3100 0
3101 0
3102 0
3103 0
3104 0
3105 0
3106 0
3107 0
3108 4.53127202421846
3109 2.3029572919954
3110 5.76795458120053
3111 0
3112 1.87771221024126
3113 0
3114 2.31709741257801
3115 1.96048259432595
3116 4.52202989522994
3117 0
3118 1.842911321426
3119 2.1030204488215
3120 0
3121 0
3122 0
3123 0
3124 0
3125 0
3126 0
3127 0
3128 0
3129 3.48097484061149
3130 7.07031057292354
3131 0
3132 0
3133 0
3134 0
3135 0
3136 0
3137 0
3138 0
3139 0
3140 0
3141 0
3142 0
3143 0
3144 0
3145 2.27016319060756
3146 0
3147 0
3148 0
3149 0
3150 0
3151 0
3152 1.33339949561416
3153 2.43967689978619
3154 4.51538297352409
3155 0
3156 2.33309420173622
3157 0
3158 4.43930634708346
3159 0
3160 2.47431824932038
3161 0
3162 0
3163 0
3164 5.65510505997411
3165 1.873025941132
3166 0
3167 9.36069388035595
3168 0
3169 0
3170 2.04463109404156
3171 0
3172 2.22863675364563
3173 1.74241753710098
3174 0
3175 0
3176 0
3177 0
3178 0
3179 0
3180 0
3181 0
3182 0
3183 0
3184 2.53971437290523
3185 0
3186 0
3187 0
3188 0
3189 0
3190 4.6135368530906
3191 6.28276711076675
3192 0
3193 0
3194 0
3195 0
3196 2.25522170196631
3197 5.13283563595143
3198 0
3199 1.97081968098168
3200 1.22455751934803
3201 2.33309420173622
3202 0
3203 0
3204 2.13823371709766
3205 0
3206 0
3207 0
3208 0
3209 0
3210 0
3211 1.50537942166016
3212 0
3213 0
3214 0
3215 0
3216 0
3217 0
3218 0
3219 0
3220 0
3221 0
3222 0
3223 0
3224 2.34153389278917
3225 0
3226 0
3227 0
3228 0
3229 0
3230 0
3231 0
3232 0
3233 0
3234 2.01466268707306
3235 2.61578002729689
3236 6.28276711076675
3237 1.45091145006825
3238 0
3239 0
3240 0
3241 1.70817886920704
3242 0
3243 0
3244 0
3245 0
3246 0
3247 0
3248 0
3249 0
3250 0
3251 2.03747604391393
3252 2.37316717689693
3253 2.03747604391393
3254 2.40465440818544
3255 1.2808470147081
3256 2.08118863984592
3257 1.31732525438467
3258 1.43927646614855
3259 1.81026995995666
3260 1.62786342808357
3261 8.73462948433607
3262 3.45378252086536
3263 1.224703206664
3264 7.76944666171278
3265 4.43984834048674
3266 3.67163560725491
3267 4.0355720903076
3268 4.1516541791471
3269 2.02871739772821
3270 4.52382844269259
3271 3.00956352457881
3272 1.52221330788702
3273 1.69320748632641
3274 3.49712825052227
3275 1.47336950934717
3276 3.30358141378979
3277 2.28234778176214
3278 1.65948398608401
3279 1.48960660018751
3280 3.23447232816727
3281 1.88397201677419
3282 3.76597895146353
3283 2.93481773026391
3284 1.81432986028034
3285 1.62965117526933
3286 3.83501146795853
3287 2.09431128199389
3288 2.2390071194428
3289 1.9120867066433
3290 1.48003611476692
3291 2.14853106596244
3292 3.5101578177993
3293 3.51617310371613
3294 3.62927975587647
3295 1.96044478081767
3296 7.05424536577728
3297 5.43961399034887
3298 2.24974087330774
3299 2.5053088517152
3300 1.30873694180979
3301 3.26659989519739
3302 5.07213920342048
3303 2.46773438289611
3304 2.0791485425671
3305 5.52894933978558
3306 1.97669265822761
3307 3.30685127614106
3308 2.29266235164336
3309 1.83345438790659
3310 8.99654028349282
3311 1.48570455196428
3312 6.4173831505034
3313 2.45727093206201
3314 1.41162914024006
