1 757 -0.152950584850567
1 758 -0.124198677764153
2 759 -0.205906385301278
3 127 -0.193912288365721
3 760 -0.206342380407622
3 761 -0.206342380407622
4 5 -0.168793793528001
4 38 -0.158663484063321
4 98 -0.201542684919809
4 762 -0.160172239601664
5 87 -0.200782855375042
5 112 -0.200782855375042
6 7 -0.194652057918143
6 14 -0.179071081862767
6 18 -0.204536881583707
6 39 -0.132243951462636
6 763 -0.179071081862767
6 764 -0.158960228528638
6 265 -0.207749611555499
6 765 -0.20927891690206
6 766 -0.20927891690206
6 767 -0.200756625827232
6 768 -0.194652057918143
6 570 -0.200756625827232
7 13 2.20521885826732
7 44 -0.0984634375616878
7 133 -0.19312202465966
7 157 1.58672796897221
7 168 -0.207283116526881
7 384 -0.19312202465966
7 450 0.552662308115403
7 769 -0.19312202465966
7 770 -0.19312202465966
7 771 -0.19312202465966
7 772 -0.19312202465966
7 773 -0.19312202465966
7 774 1.58672796897221
7 775 -0.19312202465966
7 706 -0.19312202465966
7 710 -0.19312202465966
7 714 -0.19312202465966
7 776 -0.19312202465966
7 777 -0.19312202465966
7 718 -0.19312202465966
7 778 -0.19312202465966
8 9 -0.180220906181661
8 26 -0.124198677764153
8 33 -0.176727562309529
8 158 -0.208114854962074
8 179 -0.209261043893219
8 228 -0.205763703814582
8 388 -0.124198677764153
8 779 -0.19318300102345
8 780 -0.203624220170171
8 781 -0.209261043893219
8 782 -0.198471545633538
8 783 -0.124198677764153
8 602 -0.209261043893219
8 784 -0.209261043893219
8 785 -0.124198677764153
8 786 -0.209261043893219
8 659 -0.203541011586226
8 787 -0.208727176750685
8 788 -0.203541011586226
9 49 -0.183047140662432
9 146 0.0862928861953257
9 789 -0.195868192690209
9 790 -0.20904784733873
9 791 -0.200402504370576
9 792 -0.200402504370576
9 548 -0.183047140662432
10 27 -0.206075483203091
10 58 -0.203400894001143
10 95 -0.205591225580636
11 47 -0.175988894912775
11 50 -0.176514230081123
11 793 -0.175988894912775
11 794 -0.165755365068639
11 795 -0.20014268799729
11 243 -0.204960237304625
11 295 -0.169680528408048
11 550 -0.198871121237653
11 796 -0.165755365068639
12 797 -0.206318127690509
12 200 -0.190271225814416
12 798 -0.204101167267632
13 45 -0.195868192690209
13 799 -0.206187611646925
13 800 -0.209308092462975
13 801 -0.205533448776017
13 489 -0.207283116526881
14 25 -0.194869746822689
14 39 -0.203042766142978
14 763 -0.19840018778949
14 90 1.15330734340056
14 141 -0.198800107801995
14 802 -0.20904784733873
15 26 -0.206091971169668
15 34 -0.201613665761028
15 185 -0.188213685998815
15 803 -0.20527624428415
15 309 -0.209242015393577
15 804 -0.202071790454012
15 805 -0.20787710606034
15 447 -0.205556844443648
15 806 -0.202071790454012
16 374 -0.197958165661903
17 133 0.758491623506804
18 54 -0.206962956172029
18 259 -0.187260242102706
19 49 -0.204990869298376
19 70 -0.200502654856599
19 117 -0.192577484451847
20 111 -0.206075483203091
20 227 -0.0691739556889833
20 807 -0.198168158645507
21 808 -0.124198677764153
22 809 -0.206901422118484
23 810 -0.195496555059785
23 811 -0.204763788633712
24 92 -0.208176948947597
24 812 -0.129053146850601
25 55 -0.208114854962074
25 84 -0.207311563983617
25 813 -0.207758815268458
25 274 -0.208114854962074
25 814 -0.200326643099272
25 815 -0.193746219896044
25 816 -0.191282594605176
25 817 -0.208293270773266
25 818 -0.18713635235412
26 819 -0.183751291518845
26 228 -0.206091971169668
26 271 -0.202327036031553
26 804 -0.124198677764153
26 388 -0.178484155276305
26 820 -0.190598205110642
26 821 -0.204011292007172
26 822 -0.203481061247038
26 649 -0.178484155276305
26 823 -0.178484155276305
26 824 -0.178484155276305
26 825 -0.178484155276305
26 826 -0.178484155276305
26 827 -0.178484155276305
26 828 -0.178484155276305
26 829 -0.178484155276305
26 830 -0.178484155276305
26 831 -0.178484155276305
26 832 -0.178484155276305
26 833 -0.178484155276305
26 834 -0.178484155276305
26 835 -0.178484155276305
26 677 -0.178484155276305
26 836 -0.178484155276305
26 837 -0.178484155276305
26 838 -0.178484155276305
26 839 -0.178484155276305
26 840 -0.178484155276305
27 794 -0.208043826665121
28 841 -0.195781696160154
28 842 -0.202132074888111
29 119 -0.183826238317565
29 271 -0.202327036031553
29 843 -0.203431659200906
29 564 -0.203431659200906
29 844 -0.203431659200906
29 683 -0.198228592948572
30 845 -0.19351767685563
30 842 -0.206951836874632
31 846 -0.179953737836886
32 40 -0.195651887753857
32 847 -0.195651887753857
32 154 -0.207935832019958
32 803 -0.20527624428415
32 848 -0.209387236425959
33 97 -0.207758815268458
33 166 -0.206500566780487
33 790 -0.200756625827232
33 385 -0.207428091909715
33 414 -0.176727562309529
34 54 -0.203299004004432
34 849 -0.203299004004432
34 267 -0.209311312839242
34 850 -0.203299004004432
34 851 -0.20824013383641
34 852 -0.179547833468451
34 853 -0.181837509534505
34 854 -0.201613665761028
34 855 -0.203299004004432
34 623 -0.20824013383641
35 856 -0.195610923791703
36 857 -0.207391926150892
36 768 -0.194652057918143
36 548 -0.183047140662432
36 858 -0.182678152312366
36 692 -0.200571294755895
36 693 -0.200571294755895
36 694 -0.200571294755895
37 93 -0.195868192690209
37 859 -0.204193970677282
38 87 -0.20768606530648
38 392 -0.199558606134438
39 221 -0.191265019674058
40 75 -0.151812583059528
40 289 -0.180220906181661
40 860 -0.180220906181661
41 861 -0.207247017298205
41 862 -0.201858352410352
42 863 -0.194869746822689
42 864 -0.207247017298205
42 865 -0.183427329298237
42 866 -0.205337802365549
43 867 -0.207247017298205
43 868 -0.194869746822689
43 320 -0.198822167873942
43 869 -0.19582148833604
44 133 0.758491623506804
44 141 -0.0984634375616878
44 298 0.552662308115403
45 870 -0.204193970677282
45 871 -0.208530788027208
45 517 -0.20954642025052
46 50 -0.198186655791672
46 52 -0.176514230081123
46 67 -0.200928800284789
46 138 -0.207215911741941
46 139 -0.182678152312366
46 166 -0.197864199815404
46 872 -0.201270380882263
46 873 -0.00974617541301851
47 52 -0.175988894912775
47 193 -0.198871121237653
48 874 -0.194484721620893
48 875 -0.207767498480216
49 876 -0.209076219015686
50 58 -0.191209744363239
50 877 -0.17381508113907
50 452 -0.205260868502742
51 63 -0.178460060232112
51 65 -0.200347094832746
51 878 -0.204930952560683
51 229 -0.20697027160203
51 231 -0.203077413123246
51 306 -0.20697027160203
51 879 -0.20837081349198
52 243 -0.209217943973472
52 880 -0.203586203333772
53 881 -0.206671773889484
53 302 -0.193787456554221
54 228 -0.180620959715615
54 265 -0.194869746822689
54 804 -0.202071790454012
54 882 -0.200546031027431
54 883 -0.204155847337974
54 822 -0.203481061247038
54 630 -0.0999934273198351
54 884 -0.0999934273198351
55 885 -0.19491940272772
55 886 -0.202869514731911
55 887 -0.195868192690209
56 888 2.20521885826732
56 889 -0.187690480477287
56 260 -0.202151430773684
56 890 -0.207294343838426
56 425 1.58672796897221
56 891 -0.206805995582566
56 892 -0.206805995582566
57 81 -0.19899136997315
57 119 -0.183826238317565
57 179 -0.159607570582442
57 893 -0.20768606530648
57 894 -0.205556844443648
57 895 -0.159607570582442
57 786 -0.209261043893219
58 896 -0.0200987488848399
59 897 -0.195494877044844
60 844 -0.203431659200906
61 157 -0.204625485565806
61 168 -0.207283116526881
61 898 -0.204150731237146
61 899 -0.158960228528638
62 900 -0.205182575228934
62 218 -0.194527511804316
62 901 -0.188829203653301
62 902 -0.171878483895791
62 472 -0.191340038804701
63 67 -0.182058229696357
63 903 -0.187347394458609
63 872 0.476429762542676
63 186 0.476429762542676
63 880 0.476429762542676
63 428 -0.208402720601196
64 89 -0.0679087348897198
64 904 -0.204193970677282
64 905 -0.203851759451852
64 229 -0.20697027160203
65 183 -0.194580413531799
65 209 -0.204359782999388
65 906 -0.19322609054077
65 373 -0.19322609054077
65 907 -0.198871121237653
66 68 -0.206755041982405
66 110 -0.201058893097615
66 908 -0.204930952560683
66 909 -0.182678152312366
67 116 -0.182678152312366
67 121 -0.178918987075436
67 872 0.476429762542676
67 871 -0.208530788027208
68 414 -0.176727562309529
69 910 -0.204763788633712
69 492 -0.20452335367146
69 493 -0.20452335367146
69 499 -0.20452335367146
69 507 -0.20452335367146
69 811 -0.204763788633712
70 763 -0.188685777554835
70 766 -0.20927891690206
70 816 -0.205757816402941
70 818 -0.205757816402941
71 118 -0.189227412307338
71 911 -0.200031517936108
72 794 -0.165755365068639
72 912 -0.199816190924443
72 193 -0.198871121237653
72 913 -0.198871121237653
72 316 -0.165755365068639
72 914 -0.198871121237653
72 915 -0.204960237304625
72 397 -0.205925229375632
72 916 -0.198871121237653
72 521 -0.165755365068639
72 917 -0.198871121237653
72 918 -0.198871121237653
72 907 -0.198871121237653
72 550 -0.198871121237653
72 919 -0.198871121237653
72 920 -0.165755365068639
72 921 -0.198871121237653
72 922 -0.198871121237653
72 923 -0.165755365068639
73 136 -0.20559518410116
74 120 0.629515632052204
74 924 0.821151733828157
74 925 -0.185520151089513
74 187 0.821151733828157
74 926 0.959717721534997
74 927 -0.204295940259934
74 928 -0.201137690293729
75 149 -0.193061595139621
76 886 -0.202869514731911
76 929 -0.207247017298205
76 930 -0.202869514731911
76 931 -0.20411704041099
77 257 -0.202151430773684
77 932 -0.187690480477287
78 933 -0.19097769727186
78 296 -0.194913751129061
78 913 -0.198871121237653
78 934 -0.19097769727186
78 452 -0.19097769727186
79 169 -0.20954302352292
79 216 -0.197544182674178
79 935 -0.173945216339439
79 936 -0.208171152559897
79 937 -0.209497637478892
79 938 -0.209497637478892
80 102 -0.189227412307338
80 693 -0.200571294755895
81 179 -0.200466649197751
81 893 -0.109827242343984
81 894 -0.183826238317565
82 98 -0.202290932124995
82 112 -0.195494877044844
82 208 -0.195494877044844
83 286 -0.130753946752517
83 939 -0.206047855924324
83 782 -0.200622391226163
84 430 -0.200540366388438
85 188 -0.206605074286968
85 940 -0.195494877044844
86 126 0.162533874695267
86 853 -0.181837509534505
86 941 -0.190234891088279
86 942 -0.202151430773684
86 699 0.758491623506804
87 849 -0.203299004004432
87 850 -0.203299004004432
88 449 -0.208401539249076
88 943 -0.208401539249076
88 944 -0.208401539249076
88 945 -0.208401539249076
89 93 0.390473823234196
89 114 0.390473823234196
89 180 -0.0679087348897198
89 225 -0.20551309456795
89 229 -0.182867276790998
89 327 0.390473823234196
89 946 0.390473823234196
89 620 0.390473823234196
90 146 -0.197691740554872
90 947 -0.197691740554872
90 787 -0.208727176750685
91 138 -0.176514230081123
91 948 -0.206769162086606
91 949 -0.206769162086606
91 918 -0.198871121237653
92 950 -0.189824146304987
93 108 -0.171995890575062
93 165 0.390473823234196
93 183 0.183884039376736
93 225 0.183884039376736
93 266 0.390473823234196
93 906 -0.19322609054077
93 951 -0.149266977914889
93 373 -0.19322609054077
93 946 -0.182867276790998
93 952 -0.182867276790998
93 953 -0.182867276790998
93 954 -0.182867276790998
93 955 -0.171995890575062
93 956 -0.171995890575062
94 183 0.183884039376736
94 906 0.183884039376736
94 957 -0.155541082026121
94 958 -0.206658621898317
95 959 -0.208204019603357
96 130 -0.208176948947597
97 813 -0.207758815268458
98 762 -0.193061595139621
98 460 -0.202290932124995
99 115 -0.180183494486341
100 321 -0.209308092462975
100 960 -0.206187611646925
101 961 -0.204960237304625
102 962 -0.209135632613537
103 288 1.4962415306216
103 963 1.66235232682025
103 964 -0.149266977914889
103 965 -0.209085442605837
104 966 -0.198222438625048
105 163 -0.201816456258824
105 165 -0.0679087348897198
105 306 -0.20697027160203
105 504 -0.0679087348897198
106 967 -0.204359782999388
106 968 -0.175066076545975
106 519 -0.175066076545975
106 592 -0.175066076545975
106 969 -0.175066076545975
106 970 -0.189507384987514
107 971 -0.0569945308989286
108 151 -0.156004100296607
108 207 -0.193084174231337
108 295 -0.169680528408048
108 397 -0.205925229375632
108 972 -0.00164633979739613
109 121 -0.0200987488848399
109 221 -0.180389294826162
109 973 -0.201880971965935
109 974 -0.204618064196156
110 116 -0.203442798991631
110 162 -0.156106813343298
111 975 -0.198168158645507
112 976 -0.199869099255012
112 571 -0.200782855375042
113 977 -0.198437820360862
114 978 -0.205497909093185
115 298 0.552662308115403
115 450 0.552662308115403
115 533 0.552662308115403
115 575 0.552662308115403
115 579 0.552662308115403
115 581 0.552662308115403
115 583 0.552662308115403
115 587 0.552662308115403
115 589 0.758491623506804
116 145 -0.202299345163946
117 158 -0.19491940272772
118 692 -0.200571294755895
119 894 -0.183826238317565
119 602 -0.209261043893219
120 979 -0.208805914750951
121 973 -0.201880971965935
122 980 -0.195494877044844
122 981 -0.195494877044844
123 194 -0.208114854962074
123 982 -0.20527624428415
123 983 -0.124198677764153
124 984 -0.209217943973472
125 985 -0.19899136997315
126 589 0.552662308115403
126 986 -0.178950929786213
127 148 -0.206342380407622
127 202 -0.206342380407622
128 292 -0.203587988793064
128 987 -0.195494877044844
129 820 -0.204011292007172
130 209 -0.195868192690209
131 988 -0.204960237304625
132 976 -0.195494877044844
132 989 -0.195494877044844
133 224 -0.169883837051813
133 279 0.247785109256834
133 990 -0.208262420135791
134 137 -0.201923104855977
134 991 -0.200171749728535
135 180 -0.181109146465586
135 296 -0.194913751129061
135 879 -0.20837081349198
136 227 -0.207764681652961
136 500 0.0485899841609741
136 515 0.0485899841609741
136 992 0.0485899841609741
136 993 0.0485899841609741
136 613 0.0485899841609741
136 614 0.0485899841609741
136 994 -0.202192337108391
137 440 -0.209315367568877
138 881 -0.196653329522298
139 186 0.476429762542676
139 909 -0.200928800284789
140 203 -0.209231149718416
140 995 -0.192186504404366
141 889 -0.204304025664914
141 996 -0.194156490482062
142 159 -0.209386788277719
142 997 -0.205823634217625
143 803 -0.207690908076829
143 998 -0.197993635349178
144 905 -0.152837652690729
145 961 -0.209217943973472
146 947 -0.197691740554872
147 961 -0.202603409019509
148 760 -0.193912288365721
149 999 -0.193061595139621
149 1000 -0.194898078373177
150 941 -0.190234891088279
151 1001 -0.00164633979739613
152 201 -0.183047140662432
152 1002 -0.208857612850648
153 302 -0.203440894387884
153 1003 -0.205091675809057
153 1004 -0.203440894387884
154 815 -0.193746219896044
154 1005 -0.202375129699329
155 1006 -0.200756625827232
155 843 -0.203431659200906
156 166 -0.176514230081123
156 1007 -0.20894470869216
157 168 1.73064177699462
157 1008 -0.169883837051813
158 1009 -0.195868192690209
158 930 -0.202869514731911
158 1010 -0.20527624428415
159 813 -0.207758815268458
160 1011 -0.203431758356545
161 1012 -0.203481061247038
162 877 -0.205065622742543
163 1013 -0.201371544550715
163 1001 -0.201371544550715
164 293 -0.202740064161626
165 180 -0.0679087348897198
165 225 -0.155541082026121
165 1014 -0.204299284506862
165 852 -0.179547833468451
165 953 0.390473823234196
166 169 -0.195721157393655
167 444 -0.207247017298205
168 181 1.50453878021654
169 807 -0.209227127972835
170 951 -0.149266977914889
171 190 0.058303305310837
172 1015 -0.195494877044844
173 174 -0.175549511271215
174 1016 -0.203568860244264
175 1017 -0.207856456894436
175 1018 -0.209517652559925
175 1019 -0.209100475974619
176 230 -0.189227412307338
176 1020 -0.201708421144074
177 439 -0.192186504404366
178 195 1.602384602702
178 1021 -0.205497909093185
178 1022 -0.165328879984919
179 895 -0.159607570582442
179 1023 -0.209261043893219
180 225 -0.00164633979739613
180 231 -0.180183494486341
181 281 0.376606657520954
182 1024 -0.206193405811987
183 225 0.183884039376736
184 211 -0.180575023589494
184 1025 -0.206662414908344
185 264 -0.208254242994088
186 909 -0.201270380882263
187 238 1.73194991918324
187 927 -0.204295940259934
187 1026 -0.208388994521948
188 940 -0.206674755825934
189 1027 0.247785109256834
190 1028 -0.203431758356545
190 1029 -0.203431758356545
190 1030 -0.167500519076352
191 797 -0.206325236114311
192 1031 -0.204990869298376
193 914 -0.198871121237653
194 556 -0.194869746822689
195 1032 -0.205497909093185
196 775 -0.19312202465966
197 1013 -0.201371544550715
198 215 -0.208114854962074
198 1033 -0.198498901861034
199 995 -0.207767498480216
200 1034 -0.190271225814416
201 257 -0.201307826133244
201 1035 -0.201307826133244
202 761 -0.193912288365721
203 1036 -0.192186504404366
204 1005 -0.202375129699329
205 1037 -0.208176948947597
205 820 -0.190598205110642
205 1038 -0.204960237304625
206 1039 -0.194484721620893
207 905 -0.193084174231337
207 1040 -0.156004100296607
208 989 -0.199869099255012
209 880 0.476429762542676
210 1038 -0.204960237304625
211 1025 -0.201279425248265
212 1041 -0.0566270733305391
212 1042 -0.195781696160154
213 1043 -0.20559518410116
213 1044 -0.202192337108391
214 1045 -0.192186504404366
215 1046 -0.194869746822689
216 1047 -0.0999433893413092
217 1048 -0.208355639280307
217 1049 -0.20290651963889
218 1050 -0.172688964616886
219 232 -0.0691739556889833
220 433 -0.202151430773684
221 973 -0.205518335586313
222 1051 -0.194468115940842
223 1052 -0.195868192690209
224 1053 -0.181797474309245
225 906 0.183884039376736
225 373 0.183884039376736
225 485 -0.188793010394797
226 1054 -0.207247017298205
227 464 -0.0691739556889833
228 358 -0.180620959715615
229 946 -0.182867276790998
229 952 -0.182867276790998
230 694 -0.200571294755895
231 906 -0.189337305656243
232 1044 -0.207764681652961
233 1055 -0.196225497330237
234 355 -0.203388933016519
235 1056 -0.204960237304625
236 1057 -0.176514230081123
237 1058 -0.209311312839242
238 276 1.38333949528998
239 1059 -0.204193970677282
240 1060 -0.192186504404366
241 869 -0.19582148833604
242 1061 -0.194484721620893
243 1062 -0.176514230081123
243 917 -0.198871121237653
244 1063 -0.195868192690209
245 1064 -0.195868192690209
246 1065 -0.209563408160443
247 597 -0.180462379836679
247 1066 -0.197028408169478
248 1067 -0.179068161621528
249 1068 -0.209315367568877
250 1013 -0.00164633979739613
250 853 -0.201056755576751
250 955 -0.156004100296607
251 1069 -0.206075483203091
251 1070 -0.208422704331931
252 1071 -0.202966569862684
253 292 -0.207655679173077
254 435 -0.179068161621528
255 1072 -0.209437217854767
256 1073 -0.187347394458609
257 1008 -0.181797474309245
257 1035 -0.201307826133244
257 1074 -0.181797474309245
258 1067 -0.204424342350881
259 1075 -0.187260242102706
260 1076 -0.181797474309245
261 1077 -0.203431758356545
262 1078 -0.187981358449768
263 1079 -0.206674755825934
264 270 -0.19385347807711
265 1080 -0.158960228528638
266 1081 0.390473823234196
267 974 -0.183595012323752
268 1076 -0.192390757249322
269 1082 -0.199933192468602
269 1003 -0.207010240314529
270 275 -0.208853125786145
271 1083 -0.204193970677282
272 426 -0.207637092810069
273 1084 -0.196396274102388
274 659 -0.203541011586226
274 788 -0.203541011586226
275 1085 -0.208647998681991
276 350 1.37130318889482
277 1086 -0.130753946752517
278 1085 -0.201349477624256
279 1087 -0.181797474309245
280 1088 -0.201270380882263
281 926 -0.201286355001514
282 1089 -0.1984967744528
283 421 -0.173945216339439
283 515 -0.173945216339439
283 1090 -0.20831154393793
283 612 -0.173945216339439
283 975 -0.207221497124057
284 1091 -0.207825623211196
285 1092 -0.195868192690209
286 465 -0.200622391226163
287 1093 -0.194484721620893
288 294 0.930987256900943
288 1094 1.66235232682025
289 780 -0.203624220170171
290 1057 -0.191209744363239
291 683 -0.198228592948572
292 987 -0.206674755825934
293 1095 -0.192390757249322
294 448 0.219199663571293
294 1096 1.11835639401515
294 1097 1.66235232682025
295 316 -0.165755365068639
296 314 -0.193823281791656
296 1098 -0.206258945254816
296 477 -0.209150673478025
297 315 -0.208226599023834
297 1099 -0.205518335586313
297 1100 -0.205518335586313
297 648 -0.197246400858306
297 653 -0.197246400858306
297 1101 -0.205518335586313
297 1102 -0.205518335586313
298 1103 0.552662308115403
298 576 0.552662308115403
298 1104 0.552662308115403
298 1105 0.552662308115403
298 584 0.552662308115403
298 1106 0.552662308115403
298 1107 0.552662308115403
298 1108 0.758491623506804
299 380 -0.0916582341129032
299 471 -0.174023151340012
300 854 -0.201613665761028
301 311 -0.20751998871794
302 1004 -0.203440894387884
303 1109 -0.209085442605837
304 1110 -0.207329416362227
305 945 -0.208401539249076
306 953 -0.182867276790998
306 954 -0.182867276790998
307 1111 -0.189812332018141
307 817 -0.208293270773266
308 1112 -0.205870180879533
309 369 -0.209242015393577
310 1113 -0.202126951415448
310 1114 -0.202126951415448
311 1113 -0.205518335586313
311 315 -0.204829126344732
311 485 -0.188793010394797
311 1115 -0.204829126344732
312 1116 -0.176169373342469
313 1117 -0.207176995284506
314 485 -0.174715833594297
314 1118 -0.187077279604285
315 1119 -0.202126951415448
315 1115 -0.204829126344732
316 500 0.0485899841609741
316 916 -0.198871121237653
316 1120 -0.185695907107113
316 612 -0.173945216339439
317 1121 -0.206942277603309
318 1122 -0.202586871701281
319 767 -0.200756625827232
320 1123 -0.198822167873942
321 1124 -0.209308092462975
322 1125 -0.201279425248265
323 1126 -0.187802166574764
324 530 -0.203894352113045
324 1127 -0.203481061247038
325 1128 -0.205858019511171
326 1129 -0.209486686780515
326 469 -0.205833434185316
326 1130 -0.205833434185316
327 1131 -0.205497909093185
328 1132 -0.180462379836679
328 1133 -0.197028408169478
329 848 -0.205906385301278
330 430 -0.200540366388438
331 814 -0.200326643099272
332 882 -0.200546031027431
333 385 -0.207428091909715
334 779 -0.19318300102345
335 805 -0.20787710606034
336 931 -0.20411704041099
337 1020 -0.201708421144074
338 911 -0.200031517936108
339 810 -0.195496555059785
340 392 -0.199558606134438
340 1134 -0.199558606134438
341 866 -0.205337802365549
342 939 -0.206047855924324
343 851 -0.20824013383641
344 966 -0.198222438625048
345 862 -0.201858352410352
346 962 -0.209135632613537
347 1135 -0.193061595139621
348 1136 -0.208312802962096
349 1137 -0.20697027160203
350 1138 1.66235232682025
350 1139 1.42079045050403
351 682 -0.195494877044844
352 642 1.66235232682025
353 724 -0.19759017006243
354 1140 1.66235232682025
355 892 -0.206805995582566
356 418 -0.202151430773684
357 1141 -0.207767498480216
358 1142 -0.180620959715615
359 650 1.42079045050403
360 1143 -0.202151430773684
361 1144 -0.209085442605837
362 1145 -0.203568860244264
363 1146 -0.204711017821093
364 391 -0.182885497444768
365 1147 -0.20904784733873
366 1148 -0.209211855392735
366 389 -0.197045338916745
367 1149 -0.202591235061545
368 1150 -0.205497909093185
369 1151 -0.19899136997315
370 424 -0.180462379836679
370 1152 -0.197028408169478
371 909 -0.204973997513769
371 1153 -0.203586203333772
372 1154 -0.153375543521593
373 1155 -0.189337305656243
374 1156 -0.205438091724104
375 1157 1.11835639401515
376 1158 -0.124198677764153
377 766 -0.196396274102388
378 1159 -0.195868192690209
379 812 -0.129053146850601
380 557 -0.168793793528001
380 558 -0.20482842006373
381 1160 -0.171878483895791
382 736 -0.208862217196723
383 1161 -0.169777454791089
383 1162 -0.169777454791089
383 1163 -0.169777454791089
383 1164 -0.169777454791089
384 1165 -0.169883837051813
385 1166 -0.201282890639916
386 812 -0.129053146850601
387 1167 -0.192264565674148
388 806 -0.124198677764153
389 508 -0.208792486536229
389 1168 -0.195313805055427
389 1169 -0.195313805055427
390 486 -0.200568306903204
390 724 -0.19759017006243
391 1170 -0.168793793528001
392 1171 -0.205665958380967
393 783 -0.124198677764153
394 547 -0.203388933016519
395 1172 -0.195868192690209
396 1173 -0.202151430773684
397 922 -0.198871121237653
397 993 0.0485899841609741
398 1174 -0.203506503932008
398 986 -0.178950929786213
399 1175 -0.195868192690209
400 1176 -0.207222442296996
400 1111 -0.189812332018141
401 1177 -0.205596308157707
402 1178 -0.204193970677282
403 821 -0.204011292007172
404 412 -0.202151430773684
405 418 -0.208136722572429
406 1179 -0.195868192690209
407 1180 -0.201058893097615
408 615 -0.207767498480216
409 1181 -0.172688964616886
410 1182 -0.192606182342756
411 1183 -0.205497909093185
412 996 -0.194156490482062
412 1184 -0.181797474309245
412 778 -0.19312202465966
413 800 -0.209308092462975
414 447 -0.205556844443648
415 428 -0.20589143400372
416 1185 -0.155541082026121
416 1186 -0.206658621898317
416 1187 -0.00164633979739613
417 1188 -0.192186504404366
418 536 -0.181797474309245
419 1189 -0.200756625827232
420 1190 -0.205497909093185
421 916 -0.173945216339439
421 1090 -0.20831154393793
422 1159 -0.19491940272772
423 1191 -0.18516623440747
424 1152 -0.203795708840611
425 1192 -0.169883837051813
426 1192 -0.181797474309245
426 1193 -0.202151430773684
427 1194 -0.191265019674058
428 1195 -0.20589143400372
429 1196 -0.205556844443648
429 503 -0.18713635235412
430 1197 -0.201282890639916
431 1198 -0.20559518410116
432 504 -0.155541082026121
433 606 -0.181797474309245
434 884 -0.0999934273198351
435 883 -0.204155847337974
436 856 -0.195610923791703
437 1199 -0.173824265547735
438 1200 -0.205525903036738
439 1201 -0.207767498480216
440 1202 -0.209315367568877
440 517 -0.20954642025052
441 921 -0.198871121237653
442 1203 -0.209408824596211
443 1204 -0.153375543521593
444 1205 -0.194484721620893
445 801 -0.206658621898317
446 1206 -0.19851189443101
447 467 -0.205556844443648
448 551 1.66235232682025
449 1207 -0.208401539249076
450 1103 0.552662308115403
451 496 -0.198880236703708
452 1208 -0.204624376237627
453 936 -0.208171152559897
454 490 -0.205741241545881
455 1209 -0.209074914833026
456 883 -0.179068161621528
457 1210 -0.20768606530648
458 943 -0.208401539249076
459 1211 -0.206986392164
460 479 -0.208348481288309
461 1212 -0.209303751245629
462 480 0.552662308115403
462 575 0.552662308115403
463 1213 -0.203506503932008
464 994 -0.207764681652961
465 1214 -0.198471545633538
466 801 -0.179150054915162
466 1186 0.390473823234196
467 1196 -0.208406833786829
468 1215 -0.198533883220993
468 1216 -0.20765344214181
469 495 -0.205833434185316
469 1217 -0.202528394958692
470 512 0.188272487491032
470 1218 0.224517894869906
471 1219 -0.177996440774249
472 476 -0.2046319346728
473 1220 -0.197544182674178
474 1221 -0.206835957539104
474 1026 -0.203323969508129
475 510 1.11835639401515
475 512 1.11835639401515
476 599 -0.196842308123937
477 1118 -0.204624376237627
477 1222 -0.192350863148816
478 1223 -0.203388933016519
478 1224 -0.195868192690209
478 1225 -0.203388933016519
479 1226 -0.207461544985038
480 1103 0.552662308115403
481 1105 0.552662308115403
481 582 0.552662308115403
482 1104 0.552662308115403
482 580 0.552662308115403
483 1107 0.552662308115403
483 588 0.552662308115403
484 504 0.390473823234196
485 605 -0.197724379812809
485 1227 -0.193654712091948
486 1228 -0.19759017006243
486 1229 -0.208820619549537
486 725 -0.197712726313608
487 1230 -0.201279425248265
488 1231 -0.205434659684436
489 718 -0.207283116526881
490 1232 -0.199540481894089
490 818 -0.205757816402941
491 1233 -0.183412362039471
492 1234 -0.20452335367146
493 1235 -0.20452335367146
494 1106 0.552662308115403
494 586 0.552662308115403
495 1130 -0.205833434185316
496 1236 -0.198880236703708
497 1237 -0.169777454791089
498 1238 -0.203388933016519
498 1239 -0.203388933016519
499 1240 -0.20452335367146
500 515 -0.173945216339439
501 1241 -0.183751291518845
502 1242 -0.208088657705694
502 1243 -0.199323248413427
503 818 -0.18713635235412
504 1244 -0.0679087348897198
505 1245 -0.207815232672499
505 1246 -0.0999433893413092
506 1247 -0.176496491652567
507 1248 -0.20452335367146
508 1249 -0.204622495177502
509 1250 -0.183751291518845
510 1251 1.11835639401515
511 520 -0.192095522044936
512 1251 1.11835639401515
513 1252 -0.205890566823167
514 1253 -0.208679664209723
515 521 -0.165755365068639
515 612 0.0485899841609741
516 1254 -0.207466327256896
517 1255 -0.20954642025052
518 1256 -0.205890566823167
519 1257 -0.175066076545975
520 1258 -0.126630003251121
521 992 0.0485899841609741
521 923 -0.206046500642316
522 1259 -0.209333458748567
523 1260 -0.196225497330237
524 1261 -0.200908484006178
525 1262 -0.195311257560788
525 1263 -0.209333458748567
526 1264 0.224517894869906
527 1139 0.0397897238422654
527 689 1.11835639401515
527 1265 1.66235232682025
528 1096 0.219199663571293
529 1266 0.247785109256834
530 624 -0.207573142843396
531 1267 -0.203568860244264
532 1268 -0.206715626802484
533 1269 0.552662308115403
533 1106 0.552662308115403
534 769 -0.169883837051813
534 942 -0.181797474309245
535 770 -0.169883837051813
535 1173 -0.181797474309245
536 771 -0.169883837051813
537 772 -0.169883837051813
537 1270 -0.181797474309245
538 773 -0.169883837051813
538 1143 -0.181797474309245
539 774 -0.169883837051813
539 1271 -0.181797474309245
540 1271 -0.202151430773684
541 1270 -0.202151430773684
542 1272 -0.208136722572429
543 1273 0.247785109256834
544 1274 -0.194484721620893
545 1275 -0.194484721620893
546 1134 -0.199558606134438
546 1276 -0.158663484063321
546 572 -0.20768606530648
547 891 -0.206805995582566
548 1277 -0.183047140662432
549 796 -0.165755365068639
550 919 -0.198871121237653
551 1097 0.219199663571293
552 1224 -0.204193970677282
553 554 -0.203000462638978
554 891 -0.169883837051813
555 1278 -0.203000462638978
555 892 -0.169883837051813
556 1279 -0.19840018778949
557 558 -0.168793793528001
558 1280 -0.168793793528001
559 1281 -0.204193970677282
559 1282 -0.194484721620893
560 1283 -0.208370618543416
561 1284 -0.194484721620893
562 1285 -0.195868192690209
563 1286 -0.207247017298205
564 1286 -0.203431659200906
565 1287 -0.201923104855977
566 785 -0.124198677764153
567 957 -0.155541082026121
568 958 -0.206658621898317
568 1288 -0.152837652690729
569 1289 -0.206951836874632
569 1290 -0.206951836874632
570 1291 -0.124198677764153
570 573 -0.200756625827232
571 572 -0.200782855375042
572 855 -0.203299004004432
573 1292 -0.203481061247038
574 806 -0.202071790454012
575 576 0.552662308115403
576 577 0.552662308115403
577 578 0.552662308115403
578 579 0.552662308115403
579 1104 0.552662308115403
580 581 0.552662308115403
581 1105 0.552662308115403
581 1293 -0.206306989275585
582 583 0.552662308115403
583 584 0.552662308115403
584 585 0.552662308115403
585 1269 0.552662308115403
586 587 0.552662308115403
587 1107 0.552662308115403
588 589 0.552662308115403
589 1108 0.758491623506804
590 1294 -0.208647998681991
591 1295 -0.0569945308989286
592 1296 -0.175066076545975
593 1297 -0.208223823189331
594 1298 -0.203568860244264
595 1299 -0.208223823189331
596 1300 -0.203568860244264
597 1066 -0.203795708840611
598 944 -0.208401539249076
599 1301 -0.207555210161195
600 1302 -0.20452335367146
601 1303 -0.192251998150914
601 1304 -0.20919858619317
602 784 -0.209261043893219
603 1214 -0.198471545633538
604 1214 -0.194869746822689
605 1118 -0.161988507964676
606 607 -0.192390757249322
607 1159 -0.169883837051813
608 1305 -0.183595012323752
609 1306 -0.204359782999388
610 1001 -0.201371544550715
611 1307 -0.205058005946868
612 923 -0.165755365068639
613 614 0.0485899841609741
614 1308 0.0485899841609741
615 665 -0.180698187877958
615 666 -0.180698187877958
616 1309 -0.203795708840611
617 1302 -0.20452335367146
618 937 -0.20892143839948
619 1310 -0.20724921549568
620 1311 -0.205497909093185
621 1312 -0.205497909093185
622 1313 -0.205497909093185
623 1314 -0.20824013383641
624 1315 -0.207573142843396
625 1316 -0.0569945308989286
626 628 -0.204193970677282
627 1317 -0.204193970677282
628 1318 -0.195868192690209
629 1317 -0.195868192690209
630 1319 -0.0999934273198351
631 1320 -0.195868192690209
632 838 -0.178484155276305
633 1321 -0.204193970677282
634 644 -0.209308092462975
634 1322 -0.209308092462975
635 1323 -0.169777454791089
636 1233 -0.194898078373177
637 823 -0.178484155276305
637 1324 -0.204193970677282
638 726 -0.200568306903204
639 1325 -0.205823634217625
640 683 -0.198228592948572
641 1326 -0.204193970677282
642 1327 1.4962415306216
643 1328 -0.169883837051813
644 1329 -0.209308092462975
645 1330 -0.200061045343449
646 840 -0.178484155276305
647 969 -0.175066076545975
647 721 -0.209308092462975
647 728 -0.209308092462975
648 1331 -0.197246400858306
649 739 -0.178484155276305
650 1332 0.0397897238422654
651 1332 0.219199663571293
651 684 1.11835639401515
652 686 1.11835639401515
653 1331 -0.197246400858306
654 1329 -0.209308092462975
655 1333 -0.181797474309245
656 1333 -0.181797474309245
657 956 -0.156004100296607
658 1334 -0.182678152312366
659 788 -0.203541011586226
660 1335 -0.209308092462975
660 1336 -0.209308092462975
661 1337 -0.169777454791089
662 1188 -0.207767498480216
663 1338 -0.204193970677282
664 1165 -0.181797474309245
665 824 -0.178484155276305
666 825 -0.178484155276305
666 826 -0.178484155276305
667 1339 -0.180698187877958
667 829 -0.178484155276305
667 830 -0.178484155276305
668 827 -0.178484155276305
668 828 -0.178484155276305
669 1340 -0.180698187877958
669 831 -0.178484155276305
670 1341 -0.180698187877958
670 832 -0.178484155276305
671 673 -0.180698187877958
672 833 -0.178484155276305
673 834 -0.178484155276305
674 837 -0.178484155276305
675 835 -0.178484155276305
676 836 -0.178484155276305
677 837 -0.178484155276305
678 839 -0.178484155276305
679 1342 -0.126630003251121
680 1343 -0.195351768540703
681 1344 -0.176496491652567
682 1345 -0.195494877044844
683 1226 -0.191824688576155
684 1346 0.930987256900943
684 685 0.930987256900943
685 1140 1.4962415306216
686 1327 0.930987256900943
687 1347 -0.192186504404366
688 1348 -0.192186504404366
689 1264 0.188272487491032
690 1349 -0.206962956172029
691 1350 -0.19899136997315
691 1351 -0.200571294755895
691 1352 -0.200571294755895
691 1353 -0.200571294755895
691 1277 -0.183047140662432
692 1351 -0.200571294755895
693 1352 -0.200571294755895
694 1353 -0.200571294755895
695 1354 -0.180698187877958
696 1355 -0.208078644030191
697 1356 -0.208078644030191
698 777 -0.19312202465966
699 700 0.247785109256834
700 1022 -0.2077749573342
701 702 -0.206306989275585
702 1357 -0.19899136997315
703 704 -0.208078644030191
704 705 -0.181797474309245
705 706 -0.169883837051813
706 707 -0.19312202465966
707 708 -0.208078644030191
708 709 -0.181797474309245
709 710 -0.169883837051813
710 711 -0.19312202465966
711 712 -0.208078644030191
712 713 -0.181797474309245
713 714 -0.169883837051813
714 1358 -0.19312202465966
715 776 -0.181797474309245
716 777 -0.181797474309245
717 1359 -0.201279425248265
718 1360 -0.19312202465966
719 720 -0.181797474309245
720 778 -0.169883837051813
721 1361 -0.209308092462975
722 1362 -0.204193970677282
723 1363 -0.204193970677282
724 1228 -0.200568306903204
725 726 -0.200147860817313
726 1364 -0.19759017006243
727 1325 -0.207010137374313
728 1365 -0.209308092462975
729 1366 -0.194262592023946
730 1367 -0.203568860244264
731 1368 -0.208223823189331
732 1369 -0.207767498480216
733 1370 -0.169777454791089
734 1371 -0.169777454791089
735 1372 -0.169777454791089
736 737 -0.208862217196723
737 1373 -0.208862217196723
738 1374 -0.180698187877958
739 1375 -0.180698187877958
740 1376 -0.180698187877958
741 938 -0.20892143839948
742 1377 -0.208223823189331
743 744 -0.190284414641025
744 1378 -0.20746632646784
745 1379 -0.190284414641025
746 1026 -0.208388994521948
747 970 -0.189507384987514
748 1380 -0.208226601440482
749 1381 -0.207419493402534
750 751 -0.201808692822738
750 752 -0.205471683547039
751 1382 -0.201542684919809
752 1383 -0.205471683547039
753 1382 -0.204810349007963
754 1384 -0.205278424487546
755 756 -0.179603444783435
755 1385 -0.179603444783435
756 1385 -0.179603444783435
