1 -10.3164184551632
2 -10.3164184551632
3 1.0382573441765
4 0.930397360347499
5 1.85679332234095
6 0.413677470286291
7 0.408890252407611
8 0.735704907364908
9 0.38329173934699
10 0.396312962976238
11 0.549187854043992
12 -10.3164184551632
13 -10.3164184551632
14 -10.3164184551632
15 1.10211622821564
16 -10.3164184551632
17 -10.3164184551632
18 0.510509425373397
19 0.799257035491724
20 0.428044016137839
21 -10.3164184551632
22 -10.3164184551632
23 0.882392542844337
24 -10.3164184551632
25 0.911781630308111
26 1.5308187726719
27 -10.3164184551632
28 -10.3164184551632
29 -10.3164184551632
30 -10.3164184551632
31 0.660557368627311
32 1.07965083087333
33 0.750722684138439
34 1.04835700912466
35 -10.3164184551632
36 0.755693928966014
37 -10.3164184551632
38 0.709487841013149
39 0.735914201632824
40 0.933468642528962
41 0.758679707456615
42 0.612336234235439
43 0.724217845226786
44 -10.3164184551632
45 -10.3164184551632
46 0.735385741770387
47 -10.3164184551632
48 -10.3164184551632
49 -10.3164184551632
50 -10.3164184551632
51 0.670401961116176
52 -10.3164184551632
53 0.989725220699048
54 1.01238526086811
55 0.832815869734812
56 -10.3164184551632
57 -10.3164184551632
58 0.370261821535254
59 0.632116747774187
60 -10.3164184551632
61 -10.3164184551632
62 -10.3164184551632
63 0.925577071583855
64 0.385963987934275
65 -10.3164184551632
66 0.518064701773764
67 -10.3164184551632
68 1.01178086817194
69 0.515282822751835
70 0.364852809651508
71 0.684467150956551
72 -10.3164184551632
73 -10.3164184551632
74 -10.3164184551632
75 0.622131447690658
76 0.548874470314667
77 -10.3164184551632
78 -10.3164184551632
79 -10.3164184551632
80 -10.3164184551632
81 -10.3164184551632
82 0.869082619764427
83 0.918659182865468
84 0.93216768712407
85 0.53209090746259
86 -10.3164184551632
87 -10.3164184551632
88 -10.3164184551632
89 -10.3164184551632
90 0.406312081099936
91 -10.3164184551632
92 -10.3164184551632
93 -10.3164184551632
94 -10.3164184551632
95 0.478473981411116
96 -10.3164184551632
97 -10.3164184551632
98 1.59672282507629
99 -10.3164184551632
100 -10.3164184551632
101 -10.3164184551632
102 0.459547600677673
103 -10.3164184551632
104 0.419685230052325
105 -10.3164184551632
106 -10.3164184551632
107 -10.3164184551632
108 -10.3164184551632
109 -10.3164184551632
110 -10.3164184551632
111 0.73072324799634
112 -10.3164184551632
113 -10.3164184551632
114 -10.3164184551632
115 -10.3164184551632
116 -10.3164184551632
117 -10.3164184551632
118 -10.3164184551632
119 -10.3164184551632
120 -10.3164184551632
121 -10.3164184551632
122 0.682315386553632
123 1.62185722421753
124 -10.3164184551632
125 -10.3164184551632
126 -10.3164184551632
127 0.884010030189371
128 -10.3164184551632
129 -10.3164184551632
130 0.648898086538251
131 -10.3164184551632
132 0.700722749407868
133 -10.3164184551632
134 -10.3164184551632
135 -10.3164184551632
136 -10.3164184551632
137 -10.3164184551632
138 -10.3164184551632
139 0.535617455695221
140 -10.3164184551632
141 -10.3164184551632
142 0.493652601523042
143 0.918814253970178
144 4.3646011582314
145 -10.3164184551632
146 -10.3164184551632
147 -10.3164184551632
148 0.549383535290959
149 0.559996608700717
150 -10.3164184551632
151 -10.3164184551632
152 -10.3164184551632
153 0.459238933779185
154 0.435015431724302
155 0.824859112307738
156 0.374809090116122
157 -10.3164184551632
158 0.962447636259469
159 0.388936848966235
160 -10.3164184551632
161 -10.3164184551632
162 0.40074375479772
163 0.895189157288408
164 -10.3164184551632
165 -10.3164184551632
166 0.77010839230813
167 -10.3164184551632
168 -10.3164184551632
169 -10.3164184551632
170 -10.3164184551632
171 -10.3164184551632
172 0.620828894236658
173 -10.3164184551632
174 -10.3164184551632
175 -10.3164184551632
176 0.711178484066607
177 -10.3164184551632
178 -10.3164184551632
179 -10.3164184551632
180 -10.3164184551632
181 -10.3164184551632
182 -10.3164184551632
183 -10.3164184551632
184 -10.3164184551632
185 -10.3164184551632
186 -10.3164184551632
187 -10.3164184551632
188 -10.3164184551632
189 -10.3164184551632
190 -10.3164184551632
191 -10.3164184551632
192 -10.3164184551632
193 -10.3164184551632
194 0.653822819272212
195 -10.3164184551632
196 -10.3164184551632
197 -10.3164184551632
198 1.64593654399312
199 -10.3164184551632
200 -10.3164184551632
201 -10.3164184551632
202 1.3224625327694
203 -10.3164184551632
204 -10.3164184551632
205 -10.3164184551632
206 -10.3164184551632
207 -10.3164184551632
208 0.648823245448225
209 -10.3164184551632
210 -10.3164184551632
211 -10.3164184551632
212 -10.3164184551632
213 -10.3164184551632
214 -10.3164184551632
215 -10.3164184551632
216 -10.3164184551632
217 -10.3164184551632
218 -10.3164184551632
219 -10.3164184551632
220 -10.3164184551632
221 -10.3164184551632
222 -10.3164184551632
223 -10.3164184551632
224 -10.3164184551632
225 -10.3164184551632
226 -10.3164184551632
227 -10.3164184551632
228 1.28563902469518
229 0.573250873960698
230 -10.3164184551632
231 -10.3164184551632
232 -10.3164184551632
233 -10.3164184551632
234 -10.3164184551632
235 -10.3164184551632
236 -10.3164184551632
237 -10.3164184551632
238 -10.3164184551632
239 -10.3164184551632
240 -10.3164184551632
241 -10.3164184551632
242 -10.3164184551632
243 -10.3164184551632
244 -10.3164184551632
245 0.635238345481477
246 -10.3164184551632
247 -10.3164184551632
248 -10.3164184551632
249 -10.3164184551632
250 -10.3164184551632
251 -10.3164184551632
252 -10.3164184551632
253 -10.3164184551632
254 0.676755075996271
255 -10.3164184551632
256 -10.3164184551632
257 -10.3164184551632
258 -10.3164184551632
259 -10.3164184551632
260 -10.3164184551632
261 -10.3164184551632
262 -10.3164184551632
263 -10.3164184551632
264 -10.3164184551632
265 -10.3164184551632
266 -10.3164184551632
267 1.23190940359929
268 -10.3164184551632
269 -10.3164184551632
270 -10.3164184551632
271 -10.3164184551632
272 -10.3164184551632
273 -10.3164184551632
274 0.447690372698984
275 -10.3164184551632
276 -10.3164184551632
277 -10.3164184551632
278 -10.3164184551632
279 -10.3164184551632
280 -10.3164184551632
281 -10.3164184551632
282 -10.3164184551632
283 -10.3164184551632
284 -10.3164184551632
285 -10.3164184551632
286 0.903687676741837
287 -10.3164184551632
288 -10.3164184551632
289 -10.3164184551632
290 -10.3164184551632
291 0.36089985830241
292 -10.3164184551632
293 -10.3164184551632
294 -10.3164184551632
295 -10.3164184551632
296 -10.3164184551632
297 -10.3164184551632
298 -10.3164184551632
299 -10.3164184551632
300 -10.3164184551632
301 -10.3164184551632
302 -10.3164184551632
303 -10.3164184551632
304 -10.3164184551632
305 -10.3164184551632
306 -10.3164184551632
307 -10.3164184551632
308 -10.3164184551632
309 -10.3164184551632
310 -10.3164184551632
311 -10.3164184551632
312 -10.3164184551632
313 -10.3164184551632
314 -10.3164184551632
315 -10.3164184551632
316 -10.3164184551632
317 -10.3164184551632
318 -10.3164184551632
319 -10.3164184551632
320 -10.3164184551632
321 -10.3164184551632
322 -10.3164184551632
323 -10.3164184551632
324 -10.3164184551632
325 -10.3164184551632
326 -10.3164184551632
327 -10.3164184551632
328 -10.3164184551632
329 -10.3164184551632
330 -10.3164184551632
331 -10.3164184551632
332 -10.3164184551632
333 -10.3164184551632
334 -10.3164184551632
335 -10.3164184551632
336 -10.3164184551632
337 -10.3164184551632
338 -10.3164184551632
339 -10.3164184551632
340 -10.3164184551632
341 -10.3164184551632
342 -10.3164184551632
343 -10.3164184551632
344 -10.3164184551632
345 -10.3164184551632
346 -10.3164184551632
347 0.661812571306145
348 -10.3164184551632
349 -10.3164184551632
350 -10.3164184551632
351 -10.3164184551632
352 -10.3164184551632
353 -10.3164184551632
354 -10.3164184551632
355 -10.3164184551632
356 -10.3164184551632
357 -10.3164184551632
358 0.795241003106619
359 -10.3164184551632
360 -10.3164184551632
361 -10.3164184551632
362 -10.3164184551632
363 -10.3164184551632
364 -10.3164184551632
365 -10.3164184551632
366 -10.3164184551632
367 -10.3164184551632
368 -10.3164184551632
369 -10.3164184551632
370 -10.3164184551632
371 -10.3164184551632
372 -10.3164184551632
373 -10.3164184551632
374 -10.3164184551632
375 -10.3164184551632
376 -10.3164184551632
377 -10.3164184551632
378 -10.3164184551632
379 -10.3164184551632
380 -10.3164184551632
381 -10.3164184551632
382 -10.3164184551632
383 -10.3164184551632
384 -10.3164184551632
385 -10.3164184551632
386 -10.3164184551632
387 -10.3164184551632
388 -10.3164184551632
389 -10.3164184551632
390 -10.3164184551632
391 -10.3164184551632
392 -10.3164184551632
393 -10.3164184551632
394 -10.3164184551632
395 -10.3164184551632
396 -10.3164184551632
397 -10.3164184551632
398 -10.3164184551632
399 0.48448948707087
400 -10.3164184551632
401 -10.3164184551632
402 -10.3164184551632
403 -10.3164184551632
404 -10.3164184551632
405 -10.3164184551632
406 -10.3164184551632
407 -10.3164184551632
408 -10.3164184551632
409 -10.3164184551632
410 -10.3164184551632
411 -10.3164184551632
412 -10.3164184551632
413 -10.3164184551632
414 -10.3164184551632
415 -10.3164184551632
416 -10.3164184551632
417 -10.3164184551632
418 -10.3164184551632
419 -10.3164184551632
420 -10.3164184551632
421 -10.3164184551632
422 -10.3164184551632
423 -10.3164184551632
424 -10.3164184551632
425 -10.3164184551632
426 -10.3164184551632
427 -10.3164184551632
428 -10.3164184551632
429 -10.3164184551632
430 -10.3164184551632
431 -10.3164184551632
432 -10.3164184551632
433 -10.3164184551632
434 -10.3164184551632
435 -10.3164184551632
436 -10.3164184551632
437 -10.3164184551632
438 -10.3164184551632
439 -10.3164184551632
440 -10.3164184551632
441 -10.3164184551632
442 -10.3164184551632
443 -10.3164184551632
444 -10.3164184551632
445 -10.3164184551632
446 -10.3164184551632
447 -10.3164184551632
448 -10.3164184551632
449 -10.3164184551632
450 -10.3164184551632
451 -10.3164184551632
452 -10.3164184551632
453 -10.3164184551632
454 -10.3164184551632
455 -10.3164184551632
456 -10.3164184551632
457 -10.3164184551632
458 -10.3164184551632
459 -10.3164184551632
460 -10.3164184551632
461 -10.3164184551632
462 -10.3164184551632
463 -10.3164184551632
464 -10.3164184551632
465 -10.3164184551632
466 -10.3164184551632
467 -10.3164184551632
468 -10.3164184551632
469 -10.3164184551632
470 -10.3164184551632
471 -10.3164184551632
472 -10.3164184551632
473 -10.3164184551632
474 -10.3164184551632
475 -10.3164184551632
476 -10.3164184551632
477 -10.3164184551632
478 -10.3164184551632
479 -10.3164184551632
480 -10.3164184551632
481 -10.3164184551632
482 -10.3164184551632
483 -10.3164184551632
484 -10.3164184551632
485 -10.3164184551632
486 -10.3164184551632
487 -10.3164184551632
488 -10.3164184551632
489 -10.3164184551632
490 -10.3164184551632
491 -10.3164184551632
492 -10.3164184551632
493 -10.3164184551632
494 -10.3164184551632
495 -10.3164184551632
496 -10.3164184551632
497 -10.3164184551632
498 -10.3164184551632
499 -10.3164184551632
500 -10.3164184551632
501 -10.3164184551632
502 -10.3164184551632
503 -10.3164184551632
504 -10.3164184551632
505 -10.3164184551632
506 -10.3164184551632
507 -10.3164184551632
508 -10.3164184551632
509 -10.3164184551632
510 -10.3164184551632
511 -10.3164184551632
512 -10.3164184551632
513 -10.3164184551632
514 -10.3164184551632
515 -10.3164184551632
516 -10.3164184551632
517 -10.3164184551632
518 -10.3164184551632
519 -10.3164184551632
520 -10.3164184551632
521 -10.3164184551632
522 -10.3164184551632
523 -10.3164184551632
524 -10.3164184551632
525 -10.3164184551632
526 -10.3164184551632
527 -10.3164184551632
528 -10.3164184551632
529 -10.3164184551632
530 -10.3164184551632
531 -10.3164184551632
532 -10.3164184551632
533 -10.3164184551632
534 -10.3164184551632
535 -10.3164184551632
536 -10.3164184551632
537 -10.3164184551632
538 -10.3164184551632
539 -10.3164184551632
540 -10.3164184551632
541 -10.3164184551632
542 -10.3164184551632
543 -10.3164184551632
544 -10.3164184551632
545 -10.3164184551632
546 -10.3164184551632
547 -10.3164184551632
548 -10.3164184551632
549 -10.3164184551632
550 -10.3164184551632
551 -10.3164184551632
552 -10.3164184551632
553 -10.3164184551632
554 -10.3164184551632
555 -10.3164184551632
556 -10.3164184551632
557 -10.3164184551632
558 -10.3164184551632
559 -10.3164184551632
560 -10.3164184551632
561 -10.3164184551632
562 -10.3164184551632
563 -10.3164184551632
564 -10.3164184551632
565 -10.3164184551632
566 -10.3164184551632
567 -10.3164184551632
568 -10.3164184551632
569 -10.3164184551632
570 -10.3164184551632
571 -10.3164184551632
572 -10.3164184551632
573 -10.3164184551632
574 -10.3164184551632
575 -10.3164184551632
576 -10.3164184551632
577 -10.3164184551632
578 -10.3164184551632
579 -10.3164184551632
580 -10.3164184551632
581 -10.3164184551632
582 -10.3164184551632
583 -10.3164184551632
584 -10.3164184551632
585 -10.3164184551632
586 -10.3164184551632
587 -10.3164184551632
588 -10.3164184551632
589 -10.3164184551632
590 -10.3164184551632
591 -10.3164184551632
592 -10.3164184551632
593 -10.3164184551632
594 -10.3164184551632
595 -10.3164184551632
596 -10.3164184551632
597 -10.3164184551632
598 -10.3164184551632
599 -10.3164184551632
600 -10.3164184551632
601 -10.3164184551632
602 -10.3164184551632
603 -10.3164184551632
604 -10.3164184551632
605 -10.3164184551632
606 -10.3164184551632
607 -10.3164184551632
608 -10.3164184551632
609 -10.3164184551632
610 -10.3164184551632
611 -10.3164184551632
612 -10.3164184551632
613 -10.3164184551632
614 -10.3164184551632
615 -10.3164184551632
616 -10.3164184551632
617 -10.3164184551632
618 -10.3164184551632
619 -10.3164184551632
620 -10.3164184551632
621 -10.3164184551632
622 -10.3164184551632
623 -10.3164184551632
624 -10.3164184551632
625 -10.3164184551632
626 -10.3164184551632
627 -10.3164184551632
628 -10.3164184551632
629 -10.3164184551632
630 -10.3164184551632
631 -10.3164184551632
632 -10.3164184551632
633 -10.3164184551632
634 -10.3164184551632
635 -10.3164184551632
636 -10.3164184551632
637 -10.3164184551632
638 -10.3164184551632
639 -10.3164184551632
640 -10.3164184551632
641 -10.3164184551632
642 -10.3164184551632
643 -10.3164184551632
644 -10.3164184551632
645 -10.3164184551632
646 -10.3164184551632
647 -10.3164184551632
648 -10.3164184551632
649 -10.3164184551632
650 -10.3164184551632
651 -10.3164184551632
652 -10.3164184551632
653 -10.3164184551632
654 -10.3164184551632
655 -10.3164184551632
656 -10.3164184551632
657 -10.3164184551632
658 -10.3164184551632
659 1.39743223468179
660 -10.3164184551632
661 -10.3164184551632
662 -10.3164184551632
663 -10.3164184551632
664 -10.3164184551632
665 -10.3164184551632
666 -10.3164184551632
667 -10.3164184551632
668 -10.3164184551632
669 -10.3164184551632
670 -10.3164184551632
671 -10.3164184551632
672 -10.3164184551632
673 -10.3164184551632
674 -10.3164184551632
675 -10.3164184551632
676 -10.3164184551632
677 -10.3164184551632
678 -10.3164184551632
679 -10.3164184551632
680 -10.3164184551632
681 -10.3164184551632
682 0.702021005291004
683 -10.3164184551632
684 -10.3164184551632
685 -10.3164184551632
686 -10.3164184551632
687 -10.3164184551632
688 -10.3164184551632
689 -10.3164184551632
690 -10.3164184551632
691 -10.3164184551632
692 -10.3164184551632
693 -10.3164184551632
694 -10.3164184551632
695 -10.3164184551632
696 -10.3164184551632
697 -10.3164184551632
698 -10.3164184551632
699 -10.3164184551632
700 -10.3164184551632
701 -10.3164184551632
702 -10.3164184551632
703 -10.3164184551632
704 -10.3164184551632
705 -10.3164184551632
706 -10.3164184551632
707 -10.3164184551632
708 -10.3164184551632
709 -10.3164184551632
710 -10.3164184551632
711 -10.3164184551632
712 -10.3164184551632
713 -10.3164184551632
714 -10.3164184551632
715 -10.3164184551632
716 -10.3164184551632
717 -10.3164184551632
718 -10.3164184551632
719 -10.3164184551632
720 -10.3164184551632
721 -10.3164184551632
722 -10.3164184551632
723 -10.3164184551632
724 -10.3164184551632
725 -10.3164184551632
726 -10.3164184551632
727 -10.3164184551632
728 -10.3164184551632
729 -10.3164184551632
730 -10.3164184551632
731 -10.3164184551632
732 -10.3164184551632
733 -10.3164184551632
734 -10.3164184551632
735 -10.3164184551632
736 -10.3164184551632
737 -10.3164184551632
738 -10.3164184551632
739 -10.3164184551632
740 -10.3164184551632
741 -10.3164184551632
742 -10.3164184551632
743 -10.3164184551632
744 -10.3164184551632
745 -10.3164184551632
746 -10.3164184551632
747 -10.3164184551632
748 -10.3164184551632
749 -10.3164184551632
750 -10.3164184551632
751 -10.3164184551632
752 -10.3164184551632
753 -10.3164184551632
754 -10.3164184551632
755 -10.3164184551632
756 -10.3164184551632
757 -10.3164184551632
758 -10.3164184551632
759 -10.3164184551632
760 -10.3164184551632
761 -10.3164184551632
762 1.23271732462441
763 0.477060961163114
764 0.952883473924629
765 -10.3164184551632
766 -10.3164184551632
767 -10.3164184551632
768 -10.3164184551632
769 -10.3164184551632
770 -10.3164184551632
771 -10.3164184551632
772 -10.3164184551632
773 -10.3164184551632
774 -10.3164184551632
775 -10.3164184551632
776 -10.3164184551632
777 -10.3164184551632
778 -10.3164184551632
779 -10.3164184551632
780 -10.3164184551632
781 -10.3164184551632
782 -10.3164184551632
783 -10.3164184551632
784 -10.3164184551632
785 -10.3164184551632
786 -10.3164184551632
787 -10.3164184551632
788 -10.3164184551632
789 -10.3164184551632
790 -10.3164184551632
791 -10.3164184551632
792 -10.3164184551632
793 -10.3164184551632
794 -10.3164184551632
795 -10.3164184551632
796 -10.3164184551632
797 -10.3164184551632
798 -10.3164184551632
799 -10.3164184551632
800 -10.3164184551632
801 -10.3164184551632
802 -10.3164184551632
803 0.559221654404322
804 1.40672711295933
805 -10.3164184551632
806 -10.3164184551632
807 -10.3164184551632
808 -10.3164184551632
809 -10.3164184551632
810 -10.3164184551632
811 -10.3164184551632
812 -10.3164184551632
813 1.22975083293995
814 -10.3164184551632
815 -10.3164184551632
816 -10.3164184551632
817 -10.3164184551632
818 -10.3164184551632
819 0.855811788299917
820 -10.3164184551632
821 -10.3164184551632
822 -10.3164184551632
823 -10.3164184551632
824 -10.3164184551632
825 -10.3164184551632
826 -10.3164184551632
827 -10.3164184551632
828 -10.3164184551632
829 -10.3164184551632
830 -10.3164184551632
831 -10.3164184551632
832 -10.3164184551632
833 -10.3164184551632
834 -10.3164184551632
835 -10.3164184551632
836 -10.3164184551632
837 -10.3164184551632
838 -10.3164184551632
839 -10.3164184551632
840 -10.3164184551632
841 0.616157949674965
842 -10.3164184551632
843 -10.3164184551632
844 -10.3164184551632
845 -10.3164184551632
846 0.750914500761452
847 -10.3164184551632
848 -10.3164184551632
849 -10.3164184551632
850 1.26867189308768
851 -10.3164184551632
852 -10.3164184551632
853 -10.3164184551632
854 -10.3164184551632
855 -10.3164184551632
856 -10.3164184551632
857 0.392913828638893
858 -10.3164184551632
859 -10.3164184551632
860 -10.3164184551632
861 0.433119951032114
862 -10.3164184551632
863 0.75713321495158
864 -10.3164184551632
865 -10.3164184551632
866 -10.3164184551632
867 -10.3164184551632
868 -10.3164184551632
869 -10.3164184551632
870 -10.3164184551632
871 -10.3164184551632
872 1.01180965234312
873 -10.3164184551632
874 -10.3164184551632
875 -10.3164184551632
876 -10.3164184551632
877 -10.3164184551632
878 -10.3164184551632
879 -10.3164184551632
880 -10.3164184551632
881 -10.3164184551632
882 -10.3164184551632
883 -10.3164184551632
884 -10.3164184551632
885 -10.3164184551632
886 0.675511386210246
887 -10.3164184551632
888 -10.3164184551632
889 -10.3164184551632
890 -10.3164184551632
891 -10.3164184551632
892 -10.3164184551632
893 0.610937115955761
894 -10.3164184551632
895 0.790936157240464
896 -10.3164184551632
897 -10.3164184551632
898 -10.3164184551632
899 -10.3164184551632
900 -10.3164184551632
901 -10.3164184551632
902 -10.3164184551632
903 -10.3164184551632
904 -10.3164184551632
905 1.55392201545882
906 -10.3164184551632
907 -10.3164184551632
908 0.810354581933623
909 -10.3164184551632
910 -10.3164184551632
911 -10.3164184551632
912 -10.3164184551632
913 -10.3164184551632
914 -10.3164184551632
915 -10.3164184551632
916 -10.3164184551632
917 -10.3164184551632
918 -10.3164184551632
919 -10.3164184551632
920 -10.3164184551632
921 -10.3164184551632
922 -10.3164184551632
923 -10.3164184551632
924 -10.3164184551632
925 -10.3164184551632
926 -10.3164184551632
927 -10.3164184551632
928 -10.3164184551632
929 -10.3164184551632
930 -10.3164184551632
931 -10.3164184551632
932 -10.3164184551632
933 -10.3164184551632
934 -10.3164184551632
935 -10.3164184551632
936 -10.3164184551632
937 -10.3164184551632
938 -10.3164184551632
939 -10.3164184551632
940 -10.3164184551632
941 -10.3164184551632
942 -10.3164184551632
943 -10.3164184551632
944 -10.3164184551632
945 -10.3164184551632
946 -10.3164184551632
947 0.407000932142731
948 -10.3164184551632
949 -10.3164184551632
950 -10.3164184551632
951 -10.3164184551632
952 -10.3164184551632
953 -10.3164184551632
954 -10.3164184551632
955 -10.3164184551632
956 -10.3164184551632
957 -10.3164184551632
958 -10.3164184551632
959 -10.3164184551632
960 -10.3164184551632
961 -10.3164184551632
962 -10.3164184551632
963 -10.3164184551632
964 -10.3164184551632
965 -10.3164184551632
966 -10.3164184551632
967 -10.3164184551632
968 -10.3164184551632
969 -10.3164184551632
970 -10.3164184551632
971 -10.3164184551632
972 -10.3164184551632
973 0.68468077972696
974 -10.3164184551632
975 -10.3164184551632
976 0.75299772235545
977 -10.3164184551632
978 -10.3164184551632
979 -10.3164184551632
980 0.457894577596671
981 0.569233513515873
982 -10.3164184551632
983 -10.3164184551632
984 -10.3164184551632
985 -10.3164184551632
986 -10.3164184551632
987 -10.3164184551632
988 -10.3164184551632
989 0.537699416128599
990 -10.3164184551632
991 -10.3164184551632
992 -10.3164184551632
993 -10.3164184551632
994 -10.3164184551632
995 -10.3164184551632
996 -10.3164184551632
997 -10.3164184551632
998 0.441791698852946
999 0.420943197881406
1000 -10.3164184551632
1001 -10.3164184551632
1002 0.416920733792769
1003 -10.3164184551632
1004 -10.3164184551632
1005 -10.3164184551632
1006 -10.3164184551632
1007 -10.3164184551632
1008 -10.3164184551632
1009 -10.3164184551632
1010 1.12809659051354
1011 -10.3164184551632
1012 -10.3164184551632
1013 -10.3164184551632
1014 -10.3164184551632
1015 0.679754035295896
1016 -10.3164184551632
1017 -10.3164184551632
1018 -10.3164184551632
1019 -10.3164184551632
1020 -10.3164184551632
1021 -10.3164184551632
1022 -10.3164184551632
1023 -10.3164184551632
1024 -10.3164184551632
1025 -10.3164184551632
1026 -10.3164184551632
1027 -10.3164184551632
1028 -10.3164184551632
1029 -10.3164184551632
1030 -10.3164184551632
1031 -10.3164184551632
1032 -10.3164184551632
1033 -10.3164184551632
1034 -10.3164184551632
1035 -10.3164184551632
1036 -10.3164184551632
1037 -10.3164184551632
1038 -10.3164184551632
1039 -10.3164184551632
1040 -10.3164184551632
1041 -10.3164184551632
1042 -10.3164184551632
1043 -10.3164184551632
1044 -10.3164184551632
1045 -10.3164184551632
1046 -10.3164184551632
1047 -10.3164184551632
1048 -10.3164184551632
1049 -10.3164184551632
1050 -10.3164184551632
1051 -10.3164184551632
1052 0.435171491094063
1053 -10.3164184551632
1054 1.4686487921263
1055 -10.3164184551632
1056 -10.3164184551632
1057 -10.3164184551632
1058 -10.3164184551632
1059 -10.3164184551632
1060 -10.3164184551632
1061 -10.3164184551632
1062 -10.3164184551632
1063 -10.3164184551632
1064 -10.3164184551632
1065 -10.3164184551632
1066 -10.3164184551632
1067 -10.3164184551632
1068 -10.3164184551632
1069 -10.3164184551632
1070 -10.3164184551632
1071 -10.3164184551632
1072 -10.3164184551632
1073 -10.3164184551632
1074 -10.3164184551632
1075 -10.3164184551632
1076 -10.3164184551632
1077 -10.3164184551632
1078 -10.3164184551632
1079 -10.3164184551632
1080 -10.3164184551632
1081 -10.3164184551632
1082 -10.3164184551632
1083 -10.3164184551632
1084 -10.3164184551632
1085 -10.3164184551632
1086 -10.3164184551632
1087 -10.3164184551632
1088 -10.3164184551632
1089 -10.3164184551632
1090 -10.3164184551632
1091 -10.3164184551632
1092 0.400098261517041
1093 -10.3164184551632
1094 -10.3164184551632
1095 -10.3164184551632
1096 -10.3164184551632
1097 -10.3164184551632
1098 -10.3164184551632
1099 -10.3164184551632
1100 -10.3164184551632
1101 -10.3164184551632
1102 -10.3164184551632
1103 -10.3164184551632
1104 -10.3164184551632
1105 -10.3164184551632
1106 -10.3164184551632
1107 -10.3164184551632
1108 -10.3164184551632
1109 -10.3164184551632
1110 -10.3164184551632
1111 -10.3164184551632
1112 -10.3164184551632
1113 -10.3164184551632
1114 -10.3164184551632
1115 -10.3164184551632
1116 -10.3164184551632
1117 1.10584419428259
1118 -10.3164184551632
1119 -10.3164184551632
1120 -10.3164184551632
1121 -10.3164184551632
1122 -10.3164184551632
1123 -10.3164184551632
1124 -10.3164184551632
1125 -10.3164184551632
1126 -10.3164184551632
1127 -10.3164184551632
1128 -10.3164184551632
1129 -10.3164184551632
1130 -10.3164184551632
1131 -10.3164184551632
1132 -10.3164184551632
1133 -10.3164184551632
1134 -10.3164184551632
1135 -10.3164184551632
1136 -10.3164184551632
1137 -10.3164184551632
1138 -10.3164184551632
1139 -10.3164184551632
1140 -10.3164184551632
1141 -10.3164184551632
1142 -10.3164184551632
1143 -10.3164184551632
1144 -10.3164184551632
1145 -10.3164184551632
1146 -10.3164184551632
1147 -10.3164184551632
1148 -10.3164184551632
1149 -10.3164184551632
1150 -10.3164184551632
1151 -10.3164184551632
1152 -10.3164184551632
1153 -10.3164184551632
1154 -10.3164184551632
1155 -10.3164184551632
1156 -10.3164184551632
1157 -10.3164184551632
1158 -10.3164184551632
1159 -10.3164184551632
1160 -10.3164184551632
1161 -10.3164184551632
1162 -10.3164184551632
1163 -10.3164184551632
1164 -10.3164184551632
1165 -10.3164184551632
1166 -10.3164184551632
1167 -10.3164184551632
1168 -10.3164184551632
1169 -10.3164184551632
1170 -10.3164184551632
1171 -10.3164184551632
1172 -10.3164184551632
1173 -10.3164184551632
1174 -10.3164184551632
1175 -10.3164184551632
1176 -10.3164184551632
1177 -10.3164184551632
1178 -10.3164184551632
1179 -10.3164184551632
1180 -10.3164184551632
1181 -10.3164184551632
1182 -10.3164184551632
1183 -10.3164184551632
1184 -10.3164184551632
1185 -10.3164184551632
1186 -10.3164184551632
1187 -10.3164184551632
1188 -10.3164184551632
1189 -10.3164184551632
1190 -10.3164184551632
1191 -10.3164184551632
1192 -10.3164184551632
1193 -10.3164184551632
1194 -10.3164184551632
1195 -10.3164184551632
1196 -10.3164184551632
1197 -10.3164184551632
1198 -10.3164184551632
1199 -10.3164184551632
1200 -10.3164184551632
1201 -10.3164184551632
1202 -10.3164184551632
1203 -10.3164184551632
1204 -10.3164184551632
1205 -10.3164184551632
1206 -10.3164184551632
1207 -10.3164184551632
1208 -10.3164184551632
1209 -10.3164184551632
1210 -10.3164184551632
1211 -10.3164184551632
1212 -10.3164184551632
1213 -10.3164184551632
1214 -10.3164184551632
1215 -10.3164184551632
1216 -10.3164184551632
1217 -10.3164184551632
1218 -10.3164184551632
1219 -10.3164184551632
1220 -10.3164184551632
1221 -10.3164184551632
1222 -10.3164184551632
1223 -10.3164184551632
1224 -10.3164184551632
1225 -10.3164184551632
1226 -10.3164184551632
1227 -10.3164184551632
1228 -10.3164184551632
1229 -10.3164184551632
1230 -10.3164184551632
1231 -10.3164184551632
1232 -10.3164184551632
1233 -10.3164184551632
1234 -10.3164184551632
1235 -10.3164184551632
1236 -10.3164184551632
1237 -10.3164184551632
1238 -10.3164184551632
1239 -10.3164184551632
1240 -10.3164184551632
1241 -10.3164184551632
1242 -10.3164184551632
1243 -10.3164184551632
1244 -10.3164184551632
1245 -10.3164184551632
1246 -10.3164184551632
1247 -10.3164184551632
1248 -10.3164184551632
1249 -10.3164184551632
1250 -10.3164184551632
1251 -10.3164184551632
1252 -10.3164184551632
1253 -10.3164184551632
1254 -10.3164184551632
1255 -10.3164184551632
1256 -10.3164184551632
1257 -10.3164184551632
1258 -10.3164184551632
1259 -10.3164184551632
1260 -10.3164184551632
1261 -10.3164184551632
1262 -10.3164184551632
1263 -10.3164184551632
1264 -10.3164184551632
1265 -10.3164184551632
1266 -10.3164184551632
1267 -10.3164184551632
1268 -10.3164184551632
1269 -10.3164184551632
1270 -10.3164184551632
1271 -10.3164184551632
1272 -10.3164184551632
1273 -10.3164184551632
1274 -10.3164184551632
1275 -10.3164184551632
1276 -10.3164184551632
1277 -10.3164184551632
1278 -10.3164184551632
1279 -10.3164184551632
1280 -10.3164184551632
1281 -10.3164184551632
1282 -10.3164184551632
1283 -10.3164184551632
1284 -10.3164184551632
1285 0.666259290973791
1286 -10.3164184551632
1287 -10.3164184551632
1288 -10.3164184551632
1289 -10.3164184551632
1290 -10.3164184551632
1291 -10.3164184551632
1292 -10.3164184551632
1293 -10.3164184551632
1294 -10.3164184551632
1295 -10.3164184551632
1296 -10.3164184551632
1297 -10.3164184551632
1298 -10.3164184551632
1299 -10.3164184551632
1300 -10.3164184551632
1301 -10.3164184551632
1302 -10.3164184551632
1303 -10.3164184551632
1304 -10.3164184551632
1305 -10.3164184551632
1306 -10.3164184551632
1307 -10.3164184551632
1308 -10.3164184551632
1309 -10.3164184551632
1310 -10.3164184551632
1311 -10.3164184551632
1312 -10.3164184551632
1313 -10.3164184551632
1314 -10.3164184551632
1315 -10.3164184551632
1316 -10.3164184551632
1317 -10.3164184551632
1318 -10.3164184551632
1319 -10.3164184551632
1320 -10.3164184551632
1321 -10.3164184551632
1322 -10.3164184551632
1323 -10.3164184551632
1324 -10.3164184551632
1325 -10.3164184551632
1326 -10.3164184551632
1327 -10.3164184551632
1328 -10.3164184551632
1329 -10.3164184551632
1330 -10.3164184551632
1331 -10.3164184551632
1332 -10.3164184551632
1333 -10.3164184551632
1334 -10.3164184551632
1335 -10.3164184551632
1336 -10.3164184551632
1337 -10.3164184551632
1338 -10.3164184551632
1339 -10.3164184551632
1340 -10.3164184551632
1341 -10.3164184551632
1342 -10.3164184551632
1343 -10.3164184551632
1344 -10.3164184551632
1345 -10.3164184551632
1346 -10.3164184551632
1347 -10.3164184551632
1348 -10.3164184551632
1349 -10.3164184551632
1350 -10.3164184551632
1351 -10.3164184551632
1352 -10.3164184551632
1353 -10.3164184551632
1354 -10.3164184551632
1355 -10.3164184551632
1356 -10.3164184551632
1357 -10.3164184551632
1358 -10.3164184551632
1359 -10.3164184551632
1360 -10.3164184551632
1361 -10.3164184551632
1362 -10.3164184551632
1363 -10.3164184551632
1364 -10.3164184551632
1365 -10.3164184551632
1366 -10.3164184551632
1367 -10.3164184551632
1368 -10.3164184551632
1369 -10.3164184551632
1370 -10.3164184551632
1371 -10.3164184551632
1372 -10.3164184551632
1373 -10.3164184551632
1374 -10.3164184551632
1375 -10.3164184551632
1376 -10.3164184551632
1377 -10.3164184551632
1378 -10.3164184551632
1379 -10.3164184551632
1380 -10.3164184551632
1381 -10.3164184551632
1382 -10.3164184551632
1383 -10.3164184551632
1384 -10.3164184551632
1385 -10.3164184551632
