1 867 -0.484141637666363
1 868 -0.664283146491706
2 869 -0.583729941419005
3 131 -0.40958547925688
3 870 -0.481224876143533
3 871 -0.481224876143533
4 5 0.395135767433807
4 38 -0.448303512902664
4 101 -0.577756650107369
4 872 -0.620769306429005
5 90 -0.101098640642986
5 115 -0.101098640642986
6 7 -0.556699146819151
6 14 -0.53683096577591
6 18 -0.580808410538429
6 39 -0.451963838018433
6 873 -0.53683096577591
6 874 -0.398769698517918
6 141 -0.62456568014488
6 292 -0.619454717007804
6 875 -0.619876461169712
6 876 -0.568102031148801
6 877 -0.568102031148801
6 878 -0.645174360407607
6 879 -0.611449975100384
6 636 -0.645174360407607
6 670 -0.619876461169712
6 880 -0.619876461169712
7 13 -0.385374888787115
7 44 -0.563743367891438
7 881 -0.665042214731229
7 138 -0.558530407150134
7 164 -0.395666547451284
7 174 -0.434042039114094
7 424 -0.558530407150134
7 502 -0.590906070715741
7 882 -0.558530407150134
7 883 -0.558530407150134
7 884 -0.558530407150134
7 885 -0.558530407150134
7 886 -0.558530407150134
7 887 -0.395666547451284
7 888 -0.558530407150134
7 800 -0.558530407150134
7 804 -0.558530407150134
7 808 -0.558530407150134
7 889 -0.558530407150134
7 890 -0.558530407150134
7 815 -0.558530407150134
7 891 -0.558530407150134
8 9 -0.396814773846256
8 26 -0.664283146491706
8 33 0.232726014768824
8 188 -0.343382864005911
8 248 -0.524207802820805
8 394 -0.645023029808772
8 416 -0.664283146491706
8 429 -0.664283146491706
8 892 -0.435353847081751
8 893 -0.631683829090861
8 894 -0.343382864005911
8 895 -0.654813923490953
8 896 -0.664283146491706
8 668 -0.343382864005911
8 897 -0.343382864005911
8 898 -0.664283146491706
8 899 -0.343382864005911
9 51 -0.62848410732256
9 153 0.738163619006357
9 900 -0.265966425075144
9 901 -0.66496623515167
9 902 -0.223495036263441
9 903 -0.223495036263441
9 606 -0.655783057602514
10 60 -0.442021094619713
10 98 -0.617437928084406
11 49 -0.593553222594297
11 52 -0.087528364365169
11 904 -0.633209536550713
11 905 -0.593553222594297
11 906 -0.406640251841607
11 907 -0.663243113501893
11 267 -0.322934871001368
11 329 -0.583673513359062
11 608 -0.550558847986425
11 908 -0.406640251841607
12 909 -0.273096529510917
12 215 -0.649545350326002
12 910 -0.650409038333462
13 45 -0.265966425075144
13 911 -0.50320626633982
13 175 -0.450609280970584
13 912 -0.545631762172439
13 913 -0.447409884629835
13 914 -0.624115424805823
13 349 -0.491300135035622
13 915 -0.624115424805823
13 916 0.499883072959616
13 544 -0.434042039114094
13 917 -0.545631762172439
13 688 -0.450609280970584
13 918 -0.447409884629835
14 25 -0.0551236241142513
14 39 -0.446246251957225
14 873 -0.440271080718626
14 92 -0.564600488173225
14 919 -0.66496623515167
15 26 -0.440651736006621
15 34 -0.432938255938057
15 107 -0.603026010669045
15 920 -0.622735115644994
15 196 0.344672981068141
15 921 -0.222199727154214
15 922 -0.603159075967988
15 923 -0.533125499876801
15 924 -0.595524914613966
15 500 -0.408608870091315
15 925 -0.603026010669045
15 926 -0.603159075967988
16 413 0.737399944349395
17 138 -0.423748969713128
18 56 -0.656195356657446
18 162 -0.29967602491001
18 283 -0.397351470392204
18 443 -0.29967602491001
18 927 -0.36062663557218
18 468 -0.29967602491001
18 928 -0.420015694317392
19 51 0.571669135988691
19 72 -0.657849206338233
19 121 -0.621901903216399
20 247 -0.450167673641686
20 929 -0.55693794733226
21 930 -0.664283146491706
22 931 -0.659474575246267
23 932 -0.598474603289152
23 933 -0.61102433156121
23 934 -0.61557089204096
24 94 -0.619528259385024
24 875 -0.619876461169712
24 935 0.66426418130152
24 670 -0.619876461169712
24 880 -0.619876461169712
25 87 -0.659870496521401
25 936 -0.600118303836751
25 914 -0.565678686085197
25 937 -0.624115424805823
25 938 -0.624115424805823
25 939 -0.561895195167964
25 940 0.837430037275986
25 941 -0.378539406666569
25 942 -0.538204620765546
25 943 -0.040357717893363
26 944 -0.0728002901887405
26 248 -0.440651736006621
26 301 -0.0783385311895395
26 922 -0.664283146491706
26 416 -0.66156226103665
26 429 0.543565283786463
26 945 -0.390019942259237
26 946 -0.591259504279955
26 947 -0.396124308760648
26 734 0.543565283786463
26 948 0.543565283786463
26 949 0.543565283786463
26 950 0.543565283786463
26 951 0.543565283786463
26 952 0.543565283786463
26 953 0.543565283786463
26 954 0.543565283786463
26 955 0.543565283786463
26 956 0.543565283786463
26 957 0.543565283786463
26 958 0.543565283786463
26 959 0.543565283786463
26 960 0.543565283786463
26 767 0.543565283786463
26 961 0.543565283786463
26 962 0.543565283786463
26 963 0.543565283786463
26 964 0.543565283786463
26 965 0.543565283786463
26 966 -0.521033732821654
27 906 -0.512885726499933
27 967 -0.442021094619713
28 968 -0.234502445187806
28 969 -0.314028511228478
29 123 -0.641777668824608
29 145 -0.597805281694299
29 218 -0.597805281694299
29 301 -0.0783385311895395
29 937 -0.624115424805823
29 443 -0.615686658138208
29 970 -0.597805281694299
29 971 -0.597805281694299
29 630 -0.615686658138208
29 972 -0.615686658138208
29 735 -0.608363517418853
29 776 -0.626471533430182
30 969 -0.314028511228478
31 133 0.00885213099762499
32 40 1.34398686516871
32 47 1.34398686516871
32 161 4.49696907246754
32 921 -0.222199727154214
32 973 -0.655767413374252
32 974 -0.520821155603843
32 940 -0.62071077706415
32 975 -0.61102433156121
33 100 -0.600118303836751
33 173 0.232726014768824
33 901 -0.645174360407607
33 425 -0.61902037486457
33 463 -0.37402300580733
34 56 -0.636525949416633
34 976 -0.636525949416633
34 258 -0.536928128129622
34 296 -0.604200721890181
34 977 -0.636525949416633
34 978 -0.583274642274596
34 447 -0.546167742654023
34 979 -0.519344628749795
34 980 -0.432938255938057
34 981 -0.636525949416633
34 694 -0.583274642274596
35 982 -0.540804237794102
36 983 -0.566354493955253
36 879 -0.611449975100384
36 606 -0.655783057602514
36 984 -0.566029641374494
36 786 -0.54984351230445
36 787 -0.54984351230445
36 788 -0.54984351230445
37 95 -0.265966425075144
37 985 -0.173276469612073
37 986 -0.56376672731637
38 90 -0.526885760710859
38 324 -0.0551236241142513
38 434 -0.647937824177214
38 987 -0.498778533941534
39 240 -0.499076533646376
40 77 -0.591641760942981
40 912 -0.545631762172439
40 320 -0.396814773846256
40 988 -0.396814773846256
41 989 -0.0551236241142513
41 990 -0.0677697743913701
42 97 -0.0551236241142513
42 991 -0.126908206011197
42 992 -0.506355954943863
43 323 -0.0551236241142513
43 354 -0.649816735006718
43 993 -0.591262446494025
44 138 -0.423748969713128
44 146 -0.619672086465105
44 332 -0.590906070715741
45 107 -0.603026010669045
45 994 -0.173276469612073
45 995 -0.526246361260942
45 569 -0.630153854538497
45 925 -0.603026010669045
46 52 -0.638012706256757
46 54 -0.087528364365169
46 69 -0.660364863114303
46 143 -0.398257917642055
46 144 -0.566029641374494
46 173 0.232726014768824
46 996 -0.471559966032997
46 997 0.483931495510213
47 208 -0.639473252302118
48 998 -0.521033732821654
49 54 -0.593553222594297
49 207 -0.550558847986425
50 999 -0.638443479642917
50 1000 -0.653981059600024
51 334 -0.643351081797464
52 60 -0.47126085379661
52 1001 -0.603830401219692
52 504 -0.530525719546823
53 65 -0.0535531234898617
53 67 -0.480452417798225
53 1002 -0.569216428443891
53 249 -0.597252898868299
53 251 -0.601257600450149
53 340 -0.597252898868299
53 1003 -0.624443537459177
54 267 -0.385413753291447
54 1004 -0.332915157875158
55 1005 -0.423468241534178
55 337 -0.355044748490956
56 232 -0.605334922789749
56 248 0.982126361431279
56 292 -0.590745751740233
56 922 -0.603159075967988
56 1006 -0.550436288060056
56 1007 -0.520030423794319
56 947 -0.396124308760648
56 704 -0.628354066333871
56 1008 -0.628354066333871
57 881 -0.612884407308766
57 1009 -0.447901541377368
57 1010 -0.61102433156121
57 975 -0.61102433156121
57 933 -0.61102433156121
57 1011 -0.265966425075144
58 1012 -0.385374888787115
58 252 -0.335064533113215
58 284 -0.367464440087789
58 1013 -0.563743367891438
58 474 -0.395666547451284
58 1014 -0.361447733055314
58 1015 -0.361447733055314
58 1016 -0.665042214731229
59 83 -0.432938255938057
59 123 -0.408608870091315
59 188 -0.417987526970757
59 1017 -0.526885760710859
59 197 -0.408608870091315
59 1018 -0.417987526970757
59 894 -0.606685483806528
59 899 -0.343382864005911
60 1019 -0.49974973634271
60 1020 0.00178690853364389
61 1021 1.01344190982959
61 1022 1.01344190982959
62 162 -0.29967602491001
62 972 -0.615686658138208
63 164 -0.407469255088104
63 174 -0.434042039114094
63 1023 -0.587438545831156
63 1024 -0.330216406488388
63 1025 -0.398769698517918
64 1026 -0.52257834887584
64 237 -0.445915695427415
64 1027 -0.618560074791771
64 1028 -0.545283982433304
64 526 -0.468130268126268
65 69 -0.336205958358446
65 1029 0.00885213099762499
65 996 -0.280938772626533
65 198 -0.280938772626533
65 1004 -0.280938772626533
65 478 -0.605900373914768
66 91 -0.564745572002825
66 224 -0.60137799067542
66 1030 -0.491394693028747
66 249 -0.597252898868299
66 915 -0.624115424805823
67 193 -0.493640792504567
67 225 -0.173276469612073
67 1031 -0.0899591260939397
67 412 -0.0899591260939397
67 1032 -0.550558847986425
68 70 -0.134474591680762
68 113 -0.576542875333388
68 150 -0.569216428443891
68 1033 -0.566029641374494
69 120 -0.566029641374494
69 125 -0.652868167051394
69 996 -0.280938772626533
69 995 -0.526246361260942
70 463 -0.37402300580733
71 1034 -0.61557089204096
71 547 -0.569781008810258
71 548 -0.569781008810258
71 552 -0.569781008810258
71 560 -0.569781008810258
71 934 -0.61557089204096
72 873 -0.145018132233942
72 1023 -0.587438545831156
72 877 -0.568102031148801
72 940 -0.62071077706415
72 941 -0.590401326674124
72 943 -0.590401326674124
73 122 -0.54958209646734
73 1035 -0.600477706471804
74 906 -0.406640251841607
74 967 -0.273083441862843
74 207 -0.550558847986425
74 1036 -0.550558847986425
74 350 -0.406640251841607
74 1037 -0.550558847986425
74 1038 -0.322934871001368
74 442 0.374925315397388
74 1039 -0.550558847986425
74 573 -0.406640251841607
74 1040 -0.550558847986425
74 1041 -0.550558847986425
74 1032 -0.550558847986425
74 608 -0.550558847986425
74 1042 -0.550558847986425
74 1043 -0.406640251841607
74 1044 -0.550558847986425
74 1045 -0.550558847986425
74 1046 -0.406640251841607
75 141 -0.549767099844207
75 1047 -0.351061416546056
76 124 0.138808629084779
76 1048 0.199770265543895
76 1049 -0.58153922485377
76 199 0.199770265543895
76 1050 -0.59827210570634
76 1051 -0.563754989729418
76 1052 -0.605921921524366
77 156 -0.631995864514528
77 234 -0.587857505034197
77 445 -0.575073288571752
78 1009 -0.447901541377368
78 180 -0.60780873432491
78 1053 -0.449786334578248
78 1054 -0.447901541377368
78 1055 -0.577202815473143
79 281 -0.346421957833625
79 836 -0.335064533113215
80 322 -0.572502067766528
80 330 -0.632718054376903
80 1036 -0.550558847986425
80 1056 -0.572502067766528
80 504 -0.572502067766528
81 175 -0.445979842750819
81 233 -0.512885726499933
81 247 -0.345665354680328
81 1057 0.0312116129395663
81 1058 -0.660684892217906
81 1059 -0.58625457706222
81 1060 -0.58625457706222
82 105 -0.54958209646734
82 787 -0.54984351230445
83 188 0.440833761515218
83 1017 -0.259706326009363
83 197 -0.15016260577901
84 913 -0.447409884629835
84 1061 -0.294284661440296
84 1062 -0.447409884629835
85 101 -0.529354857164636
85 115 0.658060433175609
85 223 0.658060433175609
86 317 -0.422814252702674
86 1063 -0.577054465393622
86 895 -0.630787834642549
87 480 -0.561012957314816
88 200 0.45044151250355
88 1064 0.658060433175609
89 130 2.46650886444363
89 979 -0.519344628749795
89 1065 -0.537451859913747
89 1066 -0.0487466384634391
89 793 -0.423748969713128
90 976 -0.636525949416633
90 977 -0.636525949416633
91 95 1.15418915537022
91 118 1.15418915537022
91 189 -0.564745572002825
91 245 -0.0968890755138415
91 249 -0.000465447598471632
91 361 1.15418915537022
91 1067 1.15418915537022
91 1068 0.799033184057322
91 691 1.15418915537022
92 153 -0.565460004855396
92 190 -0.565460004855396
93 143 -0.087528364365169
93 1069 -0.458746598613243
93 1070 -0.458746598613243
93 1041 -0.550558847986425
94 1071 -0.620623125143529
95 111 -0.574322675561339
95 172 1.15418915537022
95 193 0.206249198507682
95 245 0.206249198507682
95 293 1.15418915537022
95 1031 -0.0899591260939397
95 1072 -0.655530562806271
95 412 -0.0899591260939397
95 447 0.799033184057322
95 1067 -0.000465447598471632
95 1068 -0.000465447598471632
95 1073 -0.000465447598471632
95 1074 -0.000465447598471632
95 740 0.124037251814694
95 1075 -0.574322675561339
95 1076 -0.574322675561339
96 193 0.206249198507682
96 1031 0.206249198507682
96 1077 -0.0968890755138415
96 1078 -0.0968890755138415
97 1079 -0.570240446067469
98 1080 -0.435633378987075
98 109 -0.504863661936301
98 1081 -0.504863661936301
99 135 -0.619528259385024
99 1082 -0.559192639793965
100 936 -0.600118303836751
101 872 -0.59210149693865
101 512 -0.529354857164636
102 119 -0.274925537615603
103 1083 -0.50320626633982
104 1084 -0.322934871001368
104 1085 -0.653981059600024
105 1086 -0.56751862478783
106 319 -0.613305090517955
106 1087 -0.128548939215259
106 398 -0.63212069830875
106 431 -0.63212069830875
106 1088 -0.622431441927627
106 615 -0.63212069830875
106 1089 -0.63212069830875
106 1090 -0.634560545383407
106 1091 0.559067901448368
106 777 -0.24890262735302
107 1092 -0.151535421597271
108 170 -0.13360606488125
108 172 -0.546167742654023
108 340 -0.597252898868299
108 1093 -0.565606452648874
108 539 -0.565606452648874
108 557 -0.564745572002825
109 1094 -0.173276469612073
109 1081 -0.294348768556762
109 571 -0.294348768556762
109 658 -0.294348768556762
109 1095 -0.294348768556762
109 1096 -0.629015848820459
110 1097 -0.657104607464168
111 158 -0.221605734094879
111 222 1.15130782534384
111 329 -0.498827107519883
111 442 0.374925315397388
111 1098 0.664491764651095
112 125 0.00178690853364389
112 240 -0.360748028445246
112 1099 -0.657989097262311
112 1100 -0.502730571890262
113 120 -0.519904914154963
113 169 -0.402128083492792
114 1101 -0.55693794733226
115 1102 -0.663203185131426
115 637 -0.101098640642986
116 1103 -0.552237016581619
117 266 -0.611586292996349
117 1104 -0.611586292996349
117 822 -0.611586292996349
118 194 4.75572915800395
118 287 -0.636459268152096
118 1105 -0.294959397887349
118 1106 -0.531590680278951
118 671 -0.59395778255131
118 1107 -0.518389132632829
118 1108 -0.518389132632829
118 1109 -0.518389132632829
118 1110 -0.518389132632829
118 1111 -0.518389132632829
118 1112 -0.518389132632829
119 332 -0.590906070715741
119 502 -0.590906070715741
119 586 -0.590906070715741
119 641 -0.590906070715741
119 645 -0.590906070715741
119 647 -0.32836926768879
119 649 -0.590906070715741
119 653 -0.590906070715741
119 655 -0.423748969713128
119 1113 -0.32836926768879
119 848 -0.647395700673588
119 855 -0.647395700673588
120 152 -0.490833209647238
121 165 -0.612884407308766
122 786 -0.54984351230445
123 197 -0.15016260577901
123 668 -0.343382864005911
124 1114 -0.661538064306491
125 1099 -0.657989097262311
126 1115 0.658060433175609
126 179 -0.451217702349154
126 1116 0.658060433175609
127 209 0.324824468602007
127 1117 -0.222199727154214
127 1118 -0.664283146491706
128 1119 -0.385413753291447
129 1120 -0.62848410732256
130 655 -0.590906070715741
130 1121 -0.588439435005143
131 155 -0.481224876143533
131 217 -0.481224876143533
132 326 -0.614744396307233
132 1122 0.658060433175609
132 746 1.84669969812261
133 1123 -0.46158363122023
134 945 -0.591259504279955
135 225 -0.265966425075144
136 1124 -0.322934871001368
137 1102 0.658060433175609
137 179 -0.491449975126157
137 1125 0.658060433175609
138 244 -0.151116935390325
138 308 -0.640291064620309
138 1126 -0.407469255088104
139 142 -0.618329694349692
139 1127 -0.613543491503268
140 189 -0.478947163033901
140 330 -0.632718054376903
140 1003 -0.624443537459177
141 247 -0.619828820621173
141 481 -0.351061416546056
141 1128 -0.56316000003308
141 1129 -0.56316000003308
141 553 -0.408335742026149
141 567 -0.408335742026149
141 1130 -0.408335742026149
141 1131 -0.408335742026149
141 681 -0.408335742026149
141 682 -0.408335742026149
141 1132 -0.250614073129236
142 494 -0.569554784239686
143 1005 -0.563038137757357
144 198 -0.280938772626533
144 1033 -0.660364863114303
145 201 -0.597805281694299
145 218 -0.563362031059708
145 1133 -0.534615281901155
145 598 -0.597805281694299
145 1134 -0.518389132632829
146 252 -0.335064533113215
146 1135 -0.557065667591383
147 1136 -0.568375837824002
148 166 -0.629684836577436
148 1137 -0.547171717829481
149 921 0.395135767433807
149 1138 -0.153578606727825
150 973 -0.655767413374252
150 1139 1.84669969812261
150 1140 -0.655767413374252
151 1030 -0.556670527855578
152 1084 -0.385413753291447
153 190 -0.565460004855396
154 1084 -0.561538121585095
155 870 -0.40958547925688
156 259 -0.549579179449195
156 294 -0.629445273506091
156 438 -0.587857505034197
157 1141 -0.626730771524731
157 1065 -0.537451859913747
158 1142 0.664491764651095
159 1143 -0.62848410732256
160 337 -0.616357410677816
160 1144 -0.616357410677816
161 940 0.837430037275986
161 1145 -0.294235950274543
162 1146 -0.645174360407607
162 443 -0.615686658138208
162 468 -0.320624348911423
163 173 -0.087528364365169
163 1147 -0.403227279079531
164 1148 -0.151116935390325
165 1149 -0.265966425075144
165 1054 -0.447901541377368
165 1150 -0.222199727154214
166 936 -0.600118303836751
167 1151 -0.592795275160727
168 1152 -0.396124308760648
169 1001 -0.461493784130733
170 1153 -0.483011676895686
170 1154 -0.568378443451663
170 1142 -0.568378443451663
171 327 -0.642909160425859
172 189 -0.564745572002825
172 245 -0.0968890755138415
172 1155 -0.348656501479023
172 447 -0.546167742654023
172 1073 1.15418915537022
172 1074 0.799033184057322
173 175 -0.450609280970584
174 191 -0.543347915290219
174 1135 -0.657442125942744
174 1156 -0.551118571574102
175 929 -0.447448504967769
176 179 -0.491449975126157
177 1072 -0.555453718689231
178 202 -0.0316364611516666
178 263 -0.571810600495356
178 411 -0.636818971077853
179 1157 0.658060433175609
180 580 -0.373232649687142
181 183 -0.649918458032624
182 242 -0.611586292996349
183 1158 -0.651835150228364
184 1159 -0.421076410686021
184 1160 -0.445721756838011
184 356 -0.442533592797169
185 250 -0.0551236241142513
185 1161 -0.570559529935312
186 1162 -0.534615281901155
187 210 -0.585793601907448
187 1163 -0.294959397887349
187 1164 -0.0487466384634391
188 1018 -0.417987526970757
188 1165 -0.343382864005911
189 245 0.664491764651095
189 251 -0.274925537615603
189 515 -0.633316670561961
190 206 2.50449487606175
191 310 -0.579231834089021
192 1166 -0.62403654308836
193 245 0.206249198507682
194 227 -0.160253623284043
194 243 -0.565281790422932
194 1167 -0.312729909147272
195 1168 -0.454967559078454
196 289 -0.651534242822838
197 1169 -0.600599930646675
198 1033 -0.471559966032997
199 260 -0.381381157689817
199 1051 -0.563754989729418
199 1170 -0.560803189522206
200 1064 -0.116484946302413
201 290 -0.490889030153549
201 971 -0.597805281694299
201 600 -0.518389132632829
201 1171 -0.518389132632829
201 1172 -0.504863661936301
202 1173 -0.62426068745722
202 1174 -0.62426068745722
202 1175 -0.552776142863525
203 1176 -0.56376672731637
204 909 -0.409349736806609
204 658 -0.504863661936301
205 1177 -0.498961656181932
206 1178 0.571669135988691
207 1037 -0.550558847986425
208 1179 -0.639473252302118
209 617 -0.590745751740233
210 1180 -0.294959397887349
211 888 -0.558530407150134
212 1154 -0.568378443451663
213 232 0.324824468602007
213 1181 -0.650087714506658
214 1182 -0.504863661936301
215 1183 -0.649545350326002
216 918 -0.447409884629835
217 871 -0.40958547925688
218 290 -0.597805281694299
218 1184 -0.534615281901155
218 1185 -0.518389132632829
218 599 -0.597805281694299
218 1186 -0.504863661936301
219 1145 -0.294235950274543
219 722 -0.611586292996349
220 1187 -0.619528259385024
220 1188 -0.56376672731637
220 945 -0.390019942259237
220 1189 -0.322934871001368
221 622 -0.611586292996349
221 1190 -0.638443479642917
222 1030 1.15130782534384
222 1191 -0.221605734094879
223 1125 -0.663203185131426
224 1192 -0.659655312222962
225 1004 -0.280938772626533
226 1189 -0.322934871001368
227 243 -0.464609083424331
227 1193 -0.0137785102287086
228 1194 1.14724393602424
228 1195 -0.234502445187806
229 1196 -0.549767099844207
229 1197 -0.250614073129236
230 1198 -0.534615281901155
231 1199 -0.56376672731637
231 1200 -0.439270414216377
232 1201 -0.590745751740233
233 1202 -0.392786295711483
233 1203 0.484361111724729
234 1204 -0.587857505034197
235 1205 0.104730896525165
235 1140 -0.285481272042152
236 1094 -0.361453516518414
237 1206 -0.57761178430749
238 253 -0.450167673641686
238 1207 -0.345665354680328
239 483 -0.346421957833625
240 1099 -0.624760604691019
241 468 -0.29967602491001
241 1208 -0.57944861755774
241 1209 -0.656089216866233
242 1210 -0.265966425075144
243 1211 -0.0137785102287086
244 1212 -0.499919856135901
245 1031 0.206249198507682
245 412 0.206249198507682
245 540 -0.39914209779837
246 1176 -0.439270414216377
247 517 -0.450167673641686
248 394 0.982126361431279
249 1067 -0.000465447598471632
249 1068 -0.000465447598471632
249 1213 -0.644869377089803
250 788 -0.54984351230445
251 1031 -0.622730465041607
252 334 -0.385014981910905
253 1197 -0.619828820621173
254 1214 -0.392786295711483
254 1215 -0.504113119593022
254 1216 -0.660489488957531
255 391 -0.643366486710999
256 1217 -0.322934871001368
257 1218 -0.087528364365169
258 1219 -0.604200721890181
259 1011 -0.549579179449195
260 305 -0.324888430262858
261 1220 -0.60137799067542
262 1221 -0.534615281901155
263 1222 -0.504863661936301
263 1223 -0.518389132632829
263 1224 -0.518389132632829
263 1225 -0.518389132632829
264 627 -0.611586292996349
265 993 -0.591262446494025
266 622 -0.611586292996349
266 1104 -0.638443479642917
267 1226 -0.087528364365169
267 1040 -0.550558847986425
268 1227 -0.265966425075144
269 1228 -0.265966425075144
270 663 -0.132267936618561
270 1229 -0.583359823492105
271 753 -0.518389132632829
271 754 -0.518389132632829
272 313 -0.397004065123727
273 1230 -0.569554784239686
274 1154 0.664491764651095
274 979 -0.63345557645929
274 1075 -0.221605734094879
275 1231 -0.54861255323488
276 1232 -0.445341044546846
277 326 -0.438790936646755
278 485 -0.397004065123727
279 1233 -0.644776361531402
280 1234 0.00885213099762499
280 698 -0.447409884629835
280 699 -0.447409884629835
281 1148 -0.499919856135901
281 1235 -0.499919856135901
282 313 -0.497183642853318
283 1236 -0.397351470392204
284 1237 -0.499919856135901
285 1238 -0.62426068745722
286 1239 -0.454967559078454
287 415 -0.657230514962326
287 416 -0.66156226103665
288 1240 -0.116484946302413
289 300 -0.605299724915863
290 582 -0.518389132632829
290 970 -0.597805281694299
290 602 -0.518389132632829
290 1241 -0.504863661936301
291 508 -0.659655312222962
292 1242 -0.398769698517918
293 1213 1.15418915537022
294 1011 -0.56376672731637
295 1243 -0.556709476737687
296 1100 -0.540232830056399
297 1237 -0.630682957806188
298 1244 -0.256984561019794
299 1245 -0.627069509706765
300 304 -0.664367296815816
301 1246 -0.658431689025003
302 475 -0.505509099311728
303 1023 -0.653041800629366
304 1247 -0.613788214639618
305 385 -0.656657317453417
306 1248 -0.422814252702674
307 910 -0.634950687463455
307 1247 -0.6654425609595
308 1249 -0.499919856135901
309 1250 -0.471559966032997
310 1050 -0.637117430363317
311 1251 0.189771047510427
312 470 0.0312116129395663
312 567 0.0312116129395663
312 1252 -0.589640285329206
312 680 0.0312116129395663
312 1101 -0.595440677375904
313 1007 -0.475182052056845
314 1253 -0.629711846148744
315 1254 -0.265966425075144
316 1010 -0.61102433156121
317 518 -0.630787834642549
318 1255 -0.439270414216377
318 1256 -0.638443479642917
319 328 -0.65019645210171
319 1257 -0.128548939215259
320 893 -0.631683829090861
321 1218 -0.47126085379661
322 1258 -0.386442030429739
323 1259 -0.570240446067469
324 776 -0.626471533430182
325 1260 -0.462438073462434
326 1122 -0.116484946302413
327 1261 -0.630682957806188
328 501 -0.566039026320204
328 1262 -0.337013128119783
328 1263 -0.128548939215259
329 350 -0.353599792396131
330 347 -0.590012421991509
330 349 -0.465958641818989
330 531 -0.386442030429739
331 348 -0.629829208882442
331 1264 -0.624760604691019
331 1265 -0.624760604691019
331 733 -0.444573037817274
331 739 -0.444573037817274
331 1266 -0.624760604691019
331 1267 -0.624760604691019
332 1268 -0.590906070715741
332 642 -0.590906070715741
332 1269 -0.590906070715741
332 1270 -0.590906070715741
332 650 -0.590906070715741
332 1271 -0.590906070715741
332 1272 -0.590906070715741
332 1273 -0.423748969713128
332 1274 -0.647395700673588
332 1275 -0.647395700673588
333 420 -0.485033691831482
333 525 -0.513248356661096
334 1016 -0.665042214731229
335 980 -0.432938255938057
336 345 -0.585387183345382
336 1056 -0.52673346454174
337 1144 -0.616357410677816
338 1276 -0.518389132632829
339 1277 -0.577698856780494
340 1073 -0.000465447598471632
340 539 -0.644869377089803
340 1074 -0.000465447598471632
341 1278 -0.489807838821321
341 942 -0.538204620765546
342 1279 -0.652082318516358
343 1280 -0.624126666388634
344 1281 -0.585387183345382
344 1282 -0.52673346454174
344 1283 -0.654705964855303
345 1281 -0.607725544167127
345 348 -0.568082352541275
345 540 -0.39914209779837
345 1284 -0.568082352541275
346 1285 -0.316051108688402
347 540 -0.51880291712852
347 1286 -0.386442030429739
348 1287 -0.654705964855303
348 1284 -0.568082352541275
349 515 -0.491300135035622
350 553 -0.0517622829104953
350 1039 -0.550558847986425
350 1288 -0.651205245236701
350 680 0.0312116129395663
351 1289 -0.24890262735302
351 611 -0.24890262735302
352 1290 -0.371840477694298
353 878 -0.645174360407607
354 1291 -0.649816735006718
355 1292 -0.464609083424331
356 1293 -0.662839046594517
357 1294 -0.664775949981362
357 683 -0.518389132632829
357 1295 -0.518389132632829
357 1296 -0.504863661936301
357 1297 -0.504863661936301
358 1298 -0.4547290064188
359 583 -0.443935308914467
359 1299 -0.396124308760648
360 1300 -0.570194209295514
360 523 -0.5567712582415
360 1301 -0.5567712582415
361 1302 -0.294959397887349
361 1303 -0.59395778255131
361 1304 -0.518389132632829
361 1305 -0.518389132632829
362 1306 -0.518389132632829
363 1307 -0.132267936618561
363 1308 -0.583359823492105
364 974 -0.520821155603843
365 480 -0.561012957314816
366 939 -0.561895195167964
367 1006 -0.550436288060056
368 425 -0.61902037486457
369 892 -0.435353847081751
370 923 -0.533125499876801
371 1055 -0.577202815473143
372 1161 -0.570559529935312
373 1035 -0.600477706471804
374 932 -0.598474603289152
375 434 -0.647937824177214
375 1309 -0.647937824177214
376 992 -0.506355954943863
377 1063 -0.577054465393622
378 978 -0.583274642274596
379 1092 -0.151535421597271
380 990 -0.0677697743913701
381 1086 -0.56751862478783
382 1310 0.835922291340977
383 1311 -0.56376672731637
383 1312 -0.631995864514528
384 1313 -0.52655619322556
385 1314 -0.128548939215259
385 1315 -0.186229872421015
386 775 0.658060433175609
387 728 -0.128548939215259
388 824 -0.456995470408074
389 1316 -0.592894177930438
390 1317 -0.128548939215259
391 1015 -0.361447733055314
392 1318 -0.50791102627781
392 1319 -0.624225781310243
393 467 -0.0487466384634391
394 1320 0.982126361431279
395 1321 -0.497183642853318
396 736 -0.186229872421015
397 1322 -0.0487466384634391
398 616 -0.63212069830875
399 1323 -0.651835150228364
400 1324 -0.638957917179881
401 433 -0.309806714128564
402 1325 -0.66496623515167
403 1326 -0.637225931912367
403 430 -0.558573617314373
404 1327 -0.580736421849696
405 1328 -0.294959397887349
406 1280 -0.62848410732256
407 473 -0.132267936618561
407 1329 -0.583359823492105
407 1330 -0.561886737339835
408 1331 -0.603600904374736
409 1033 -0.644098152904041
409 1332 -0.332915157875158
410 1333 0.616080418603532
411 1334 -0.647996081268548
411 1335 -0.647996081268548
412 1336 -0.622730465041607
413 1337 -0.609304953952454
414 1338 -0.337013128119783
415 1339 -0.561886737339835
416 1340 -0.664283146491706
417 877 -0.653041800629366
418 1016 -0.265966425075144
419 935 0.66426418130152
420 619 0.0170295534024118
420 620 -0.535643467891782
421 1341 -0.545283982433304
422 840 -0.446124858875268
423 1342 -0.141347306537999
423 1343 -0.141347306537999
423 1344 -0.141347306537999
423 1345 -0.141347306537999
424 1346 -0.151116935390325
425 1347 -0.541239233238858
426 1348 -0.575073288571752
427 935 0.66426418130152
428 1349 -0.501129063954029
429 926 -0.664283146491706
430 561 -0.497655988096586
430 1350 -0.273386507007893
430 1351 -0.273386507007893
431 1352 -0.63212069830875
431 616 -0.63212069830875
432 541 -0.387699963968485
432 1353 -0.491449975126157
432 824 -0.456995470408074
433 1354 0.0170295534024118
434 1355 -0.60707361223637
435 896 -0.664283146491706
436 605 -0.643366486710999
437 1062 -0.447409884629835
438 1204 -0.587857505034197
439 1356 -0.265966425075144
440 1357 -0.561130657506521
441 1358 -0.0487466384634391
442 1359 -0.594308326624092
442 1045 -0.550558847986425
442 1131 -0.408335742026149
443 972 -0.29967602491001
444 927 -0.36062663557218
445 1360 -0.611586292996349
446 1361 -0.56376672731637
446 1362 -0.56376672731637
447 1363 0.799033184057322
448 1364 -0.632483317541781
448 1121 -0.588439435005143
449 1365 -0.645498080043163
450 1366 -0.265966425075144
451 1367 -0.535927088371331
451 1278 -0.489807838821321
452 1368 -0.60137799067542
453 946 -0.591259504279955
454 462 -0.367464440087789
455 467 -0.561539851924621
456 1360 -0.265966425075144
457 1369 -0.576542875333388
458 684 -0.653981059600024
459 1370 -0.57761178430749
460 1371 -0.498778533941534
460 1372 -0.458450249184019
461 1373 -0.294959397887349
462 1135 -0.557065667591383
462 1374 -0.499919856135901
462 891 -0.558530407150134
463 500 -0.408608870091315
464 478 -0.637986374998588
465 1375 -0.0968890755138415
465 1376 -0.0968890755138415
465 1377 0.664491764651095
466 1378 -0.534615281901155
467 590 -0.499919856135901
468 1379 -0.645174360407607
469 1380 -0.294959397887349
470 1039 0.0312116129395663
470 1252 0.101414788676397
471 1016 -0.612884407308766
472 1381 -0.656511447324087
473 1329 -0.645110869950362
474 1382 -0.151116935390325
475 1382 -0.499919856135901
475 1383 -0.346421957833625
476 1384 -0.499076533646376
477 508 -0.643766254800319
478 1385 -0.637986374998588
479 1386 -0.408608870091315
479 556 -0.040357717893363
480 1387 -0.541239233238858
481 1047 -0.549767099844207
482 557 -0.0968890755138415
483 673 -0.499919856135901
484 1008 -0.628354066333871
485 1007 -0.520030423794319
486 982 -0.540804237794102
487 1388 -0.585509288788329
488 633 -0.483011676895686
489 1389 -0.392283194021093
490 1390 -0.58502904146816
491 1391 -0.164926987982177
492 1392 -0.610887317371948
493 1393 -0.491449975126157
494 1394 -0.569554784239686
494 569 -0.630153854538497
495 1044 -0.550558847986425
496 1395 -0.612137918983701
497 1396 0.616080418603532
498 1255 -0.56376672731637
498 1397 -0.638443479642917
499 916 -0.0968890755138415
500 521 -0.408608870091315
501 609 -0.128548939215259
502 1268 -0.590906070715741
503 1093 -0.565606452648874
504 1282 -0.289182125137005
505 1058 -0.660684892217906
506 545 -0.533507548606456
507 1398 -0.555788371369539
508 618 -0.659655312222962
509 1007 -0.397004065123727
510 1399 -0.526885760710859
511 1400 -0.598703453324389
512 533 -0.56567022197224
513 1401 -0.0124664143981152
514 535 -0.590906070715741
514 641 -0.590906070715741
515 1402 -0.633316670561961
516 1403 -0.632483317541781
517 1132 -0.619828820621173
518 1404 -0.654813923490953
519 916 0.499883072959616
519 1376 1.15418915537022
520 1405 -0.504863661936301
521 1386 -0.653071533052926
522 1406 -0.581566854710029
522 1407 -0.544084101280623
523 550 -0.5567712582415
523 1408 -0.577756650107369
524 1409 -0.536959135271103
525 1410 -0.513248356661096
526 530 -0.515158402209752
527 1411 -0.512885726499933
528 1412 -0.607568942691384
528 1170 -0.639299391195772
529 563 -0.337013128119783
529 564 -0.337013128119783
530 665 -0.638553318154411
531 1286 -0.289182125137005
531 1413 -0.615877543616895
532 1414 -0.24890262735302
533 1415 -0.632534844175965
534 1416 -0.462438073462434
535 1268 -0.590906070715741
536 1270 -0.590906070715741
536 648 -0.590906070715741
537 1269 -0.590906070715741
537 646 -0.590906070715741
538 1272 -0.590906070715741
538 654 -0.590906070715741
539 557 1.15418915537022
539 1417 -0.565606452648874
540 672 -0.384086808730077
540 1418 -0.530127425239046
541 1419 -0.456995470408074
541 1420 -0.629397482828535
541 825 -0.56225780666078
542 1421 -0.647833555284066
543 1193 -0.120632539161763
544 815 -0.434042039114094
545 1422 -0.631975801144333
545 943 -0.590401326674124
546 1423 -0.649445917131549
547 1424 -0.569781008810258
548 1425 -0.569781008810258
549 1271 -0.590906070715741
549 652 -0.590906070715741
550 1301 -0.5567712582415
551 1426 -0.141347306537999
552 1427 -0.569781008810258
553 567 0.0312116129395663
554 671 -0.14839776269699
555 1428 -0.239321304910083
555 1429 0.939309883850221
556 943 -0.040357717893363
557 1430 -0.564745572002825
558 1431 -0.578047459153595
558 1432 0.484361111724729
559 1433 -0.438164177722889
560 1434 -0.569781008810258
561 1435 -0.585812288429487
562 1436 -0.14839776269699
563 1437 -0.337013128119783
564 1437 -0.337013128119783
565 1438 -0.652079587369489
566 1439 -0.540380811037253
567 573 -0.406640251841607
567 680 -0.0517622829104953
568 1440 -0.600020504403531
569 1441 -0.630153854538497
570 1442 -0.652079587369489
571 1443 -0.294348768556762
572 1444 -0.499769278028441
573 1130 -0.239321304910083
573 1046 -0.0517622829104953
574 1445 -0.564987545270433
574 1446 -0.504113119593022
575 1447 -0.643765751408982
576 714 -0.518389132632829
577 1448 -0.536959135271103
578 1315 -0.580841299155576
578 1449 -0.337013128119783
578 1450 -0.128548939215259
579 1262 -0.566039026320204
580 664 -0.611586292996349
581 1352 -0.63212069830875
582 1171 -0.490889030153549
582 1451 -0.504863661936301
583 695 -0.624122460797503
584 1452 -0.651835150228364
585 1453 -0.601691467465397
586 1454 -0.590906070715741
586 1271 -0.590906070715741
587 1455 -0.440640176638961
588 882 -0.151116935390325
588 1066 -0.499919856135901
589 883 -0.151116935390325
589 1358 -0.499919856135901
590 884 -0.151116935390325
591 885 -0.151116935390325
591 1456 -0.499919856135901
592 886 -0.151116935390325
592 1322 -0.499919856135901
593 887 -0.151116935390325
593 1457 -0.499919856135901
594 1457 -0.0487466384634391
595 1456 -0.0487466384634391
596 1458 -0.561539851924621
597 1459 -0.490889030153549
598 971 -0.597805281694299
599 970 -0.597805281694299
600 601 -0.638443479642917
601 1460 -0.504863661936301
602 603 -0.638443479642917
603 1461 -0.504863661936301
604 1309 -0.647937824177214
604 1462 -0.448303512902664
604 638 -0.526885760710859
605 1014 -0.361447733055314
606 1463 -0.655783057602514
607 908 -0.406640251841607
608 1042 -0.550558847986425
609 1263 -0.566039026320204
610 1414 -0.24890262735302
610 1464 -0.24890262735302
611 1465 -0.24890262735302
612 613 -0.151116935390325
613 1014 -0.151116935390325
614 1466 -0.151116935390325
614 1015 -0.151116935390325
615 616 -0.63212069830875
616 1089 -0.63212069830875
617 1467 -0.440271080718626
618 1468 -0.659655312222962
619 620 0.0170295534024118
620 1469 0.0170295534024118
621 622 -0.60137799067542
621 1470 -0.638443479642917
622 624 -0.439270414216377
623 1471 -0.66374062870153
624 1472 -0.638443479642917
625 1256 -0.439270414216377
625 1397 -0.611586292996349
626 1472 -0.439270414216377
626 1104 -0.611586292996349
626 1190 -0.611586292996349
627 1473 -0.265966425075144
628 1474 -0.611586292996349
629 1475 -0.611586292996349
630 1476 -0.615686658138208
631 1477 -0.618329694349692
632 898 -0.664283146491706
633 1077 -0.0968890755138415
634 1078 -0.0968890755138415
634 1478 -0.556670527855578
635 1479 -0.314028511228478
635 1480 -0.314028511228478
636 1481 -0.664283146491706
636 639 -0.645174360407607
637 638 -0.101098640642986
638 981 -0.636525949416633
639 1482 -0.396124308760648
640 917 -0.545631762172439
640 926 -0.603159075967988
641 642 -0.590906070715741
642 643 -0.590906070715741
643 644 -0.590906070715741
644 645 -0.590906070715741
645 1269 -0.590906070715741
646 647 -0.590906070715741
647 1270 -0.590906070715741
647 795 -0.32836926768879
647 1113 -0.534852595990177
648 649 -0.590906070715741
649 650 -0.590906070715741
650 651 -0.590906070715741
651 1454 -0.590906070715741
652 653 -0.590906070715741
653 1272 -0.590906070715741
654 655 -0.590906070715741
655 1273 -0.423748969713128
656 1483 -0.613788214639618
657 1484 -0.657104607464168
658 1485 -0.294348768556762
659 1486 -0.641199405389723
660 1487 -0.651835150228364
661 1488 -0.641199405389723
662 1489 -0.651835150228364
663 1229 -0.645110869950362
664 1490 -0.439270414216377
665 1491 -0.653246812803117
666 1492 -0.569781008810258
667 1493 -0.545283788553425
667 1494 -0.54537983068432
668 897 -0.343382864005911
669 1404 -0.654813923490953
670 1404 -0.590745751740233
671 752 -0.518389132632829
671 757 -0.518389132632829
672 1286 -0.612873777114683
673 674 -0.630682957806188
674 1016 -0.151116935390325
675 1495 -0.540232830056399
676 1496 -0.173276469612073
677 1142 -0.568378443451663
678 679 -0.637117065884195
679 1497 -0.662735150113306
680 1046 -0.406640251841607
681 682 -0.408335742026149
682 1497 -0.239321304910083
683 1498 -0.504863661936301
684 753 -0.575645338129101
684 754 -0.575645338129101
685 1499 -0.645110869950362
686 1492 -0.569781008810258
687 832 -0.58502904146816
688 1500 -0.450609280970584
689 1059 -0.539338678029545
690 1501 -0.611154421656562
691 1502 -0.294959397887349
692 1503 -0.294959397887349
693 1504 -0.294959397887349
694 1505 -0.583274642274596
694 1506 -0.620806844922235
695 1506 -0.624122460797503
696 1507 -0.619467194016102
697 1508 -0.657104607464168
698 699 -0.518389132632829
698 1509 -0.447409884629835
699 1510 -0.447409884629835
700 702 -0.60137799067542
701 1511 -0.60137799067542
702 1512 -0.265966425075144
703 1511 -0.265966425075144
704 1513 -0.628354066333871
705 1514 -0.265966425075144
705 710 -0.518389132632829
706 1515 -0.518389132632829
706 1516 -0.518389132632829
706 963 0.543565283786463
707 830 -0.518389132632829
707 1517 -0.518389132632829
707 846 -0.518389132632829
707 1518 -0.518389132632829
708 1519 -0.518389132632829
709 720 -0.60137799067542
709 1520 -0.439270414216377
710 1521 -0.518389132632829
710 1522 -0.518389132632829
711 1523 -0.568375837824002
712 1524 -0.518389132632829
712 1525 -0.518389132632829
713 1526 -0.141347306537999
714 1527 -0.462438073462434
715 1423 -0.629445273506091
716 1528 -0.649928644342086
717 1529 -0.568375837824002
718 1530 -0.491449975126157
719 747 -0.518389132632829
720 1531 -0.504863661936301
721 1532 -0.518389132632829
721 761 -0.518389132632829
721 762 -0.518389132632829
722 1533 -0.518389132632829
722 822 -0.518389132632829
722 1534 -0.611586292996349
723 1535 -0.439270414216377
723 948 0.543565283786463
723 1536 -0.60137799067542
724 826 -0.387699963968485
725 828 1.01344190982959
725 1537 -0.547171717829481
726 776 -0.626471533430182
727 1538 -0.60137799067542
728 1539 -0.613305090517955
729 1540 -0.151116935390325
730 1541 -0.134809705072242
731 965 0.543565283786463
732 1095 -0.294348768556762
733 1542 -0.444573037817274
734 846 0.543565283786463
735 1543 -0.608363517418853
736 1544 -0.580841299155576
737 1544 -0.566039026320204
737 779 -0.337013128119783
738 781 -0.337013128119783
739 1542 -0.444573037817274
740 1545 0.124037251814694
741 1546 -0.499919856135901
742 1546 -0.499919856135901
743 1076 -0.221605734094879
744 1547 -0.566029641374494
745 1548 -0.141347306537999
746 1549 1.84669969812261
747 1550 -0.491449975126157
747 810 -0.518389132632829
747 1551 -0.568375837824002
748 755 -0.518389132632829
748 756 -0.518389132632829
749 1552 -0.60137799067542
750 1346 -0.499919856135901
751 1553 -0.518389132632829
752 1554 -0.518389132632829
753 949 0.543565283786463
754 950 0.543565283786463
754 951 0.543565283786463
755 1555 -0.575645338129101
755 954 0.543565283786463
755 955 0.543565283786463
756 952 0.543565283786463
756 953 0.543565283786463
757 1556 -0.518389132632829
758 1557 -0.461141032823177
759 1558 -0.575645338129101
759 956 0.543565283786463
760 1559 -0.575645338129101
760 957 0.543565283786463
761 763 -0.575645338129101
762 958 0.543565283786463
763 1560 -0.518389132632829
763 959 0.543565283786463
764 962 0.543565283786463
765 960 0.543565283786463
766 961 0.543565283786463
767 962 0.543565283786463
768 964 0.543565283786463
769 1561 -0.571810600495356
770 1562 -0.58502904146816
771 1563 -0.58502904146816
772 1564 -0.499769278028441
773 1565 -0.597848972683583
774 1566 -0.355172444231953
775 1567 0.658060433175609
776 1415 -0.341343834469291
777 1568 -0.24890262735302
778 1569 -0.440640176638961
779 1570 -0.65019645210171
779 780 -0.65019645210171
780 1317 -0.613305090517955
781 1539 -0.65019645210171
782 1571 -0.534615281901155
783 1572 -0.534615281901155
784 1573 -0.656195356657446
785 1574 -0.62848410732256
785 1575 -0.54984351230445
785 1576 -0.54984351230445
785 1577 -0.54984351230445
785 1463 -0.655783057602514
786 1575 -0.54984351230445
787 1576 -0.54984351230445
788 1577 -0.54984351230445
789 1578 -0.575645338129101
790 1579 -0.622405255163923
791 1580 -0.622405255163923
792 890 -0.558530407150134
793 794 -0.640291064620309
794 1164 -0.629762212271296
795 796 -0.534852595990177
795 1581 -0.32836926768879
796 1113 -0.32836926768879
796 1581 -0.32836926768879
796 1582 -0.62848410732256
797 798 -0.622405255163923
798 799 -0.499919856135901
799 800 -0.151116935390325
800 801 -0.558530407150134
801 802 -0.622405255163923
802 803 -0.499919856135901
803 804 -0.151116935390325
804 805 -0.558530407150134
805 806 -0.622405255163923
806 807 -0.499919856135901
807 808 -0.151116935390325
808 1583 -0.558530407150134
809 1584 -0.491449975126157
810 1585 -0.491449975126157
811 889 -0.499919856135901
812 890 -0.499919856135901
813 1586 -0.568375837824002
814 1587 -0.518389132632829
814 1588 -0.518389132632829
814 845 -0.464609083424331
815 1589 -0.558530407150134
816 817 -0.499919856135901
817 891 -0.151116935390325
818 1590 -0.518389132632829
819 820 -0.60137799067542
820 1591 -0.439270414216377
821 1592 -0.60137799067542
822 823 -0.518389132632829
822 1534 -0.611586292996349
823 1534 -0.611586292996349
824 1419 -0.387699963968485
825 826 -0.605877517119372
826 1593 -0.456995470408074
827 1594 -0.454967559078454
828 1537 -0.576799785180501
829 1595 -0.385009545689204
830 1596 -0.518389132632829
831 1597 -0.58502904146816
832 1597 -0.24890262735302
833 1598 -0.440640176638961
834 1599 -0.651835150228364
835 1600 -0.641199405389723
836 1601 -0.385014981910905
837 1602 -0.141347306537999
838 1603 -0.141347306537999
839 1604 -0.141347306537999
840 841 -0.446124858875268
841 1605 -0.446124858875268
842 843 -0.518389132632829
842 847 -0.518389132632829
843 844 -0.575645338129101
844 1606 -0.518389132632829
845 1607 -0.518389132632829
845 1608 -0.518389132632829
845 1609 -0.504863661936301
845 1610 -0.504863661936301
846 1611 -0.575645338129101
847 1612 -0.575645338129101
848 1274 -0.647395700673588
849 1060 -0.539338678029545
850 1613 -0.641199405389723
851 852 -0.636874993587389
852 1614 -0.473002365569611
853 1615 -0.652328695072416
854 1170 -0.560803189522206
855 1275 -0.647395700673588
856 1096 -0.629015848820459
857 1616 -0.656125036768118
858 1617 -0.637659798797315
859 860 -0.30310611045751
859 861 -0.58042954288673
859 1618 -0.530327288454442
860 1619 -0.620193510452412
861 1620 -0.58042954288673
862 1621 -0.346421957833625
863 1619 -0.605832700266926
864 1622 -0.43845166644716
865 866 -0.465685658901303
865 1623 -0.465685658901303
866 1623 -0.465685658901303
