1 -1.14751362381351
2 -1.14751362381351
3 -1.14751362381351
4 0.37624254661084
5 -1.14751362381351
6 0.325267813291686
7 -1.14751362381351
8 1.81134448302985
9 1.78946743450801
10 2.17190286633369
11 -0.013739477732174
12 -1.14751362381351
13 0.036038095119543
14 -1.14751362381351
15 0.0513364014398813
16 -1.14751362381351
17 -1.14751362381351
18 0.738553850522387
19 0.00379004507046554
20 0.304705456855416
21 -1.14751362381351
22 -1.14751362381351
23 -0.0491296765660872
24 -0.199220470908508
25 2.31600575360058
26 0.116225862716115
27 2.17190286633369
28 -0.0512000334113496
29 -1.14751362381351
30 -1.14751362381351
31 -0.169089001979343
32 0.262960272145623
33 -1.14751362381351
34 0.0222721631945149
35 -1.14751362381351
36 -1.14751362381351
37 -1.14751362381351
38 -1.14751362381351
39 3.58651267532007
40 0.468140515854457
41 0.221234799804666
42 0.00914424083829535
43 0.153563276435487
44 -1.14751362381351
45 -1.14751362381351
46 0.550019227784231
47 -0.215379311207546
48 -1.14751362381351
49 -0.220388965163614
50 -0.161677052708965
51 -0.167562100346035
52 0.550019227784231
53 -1.14751362381351
54 -1.14751362381351
55 -1.14751362381351
56 -0.201782970075885
57 0.738553850522387
58 -1.14751362381351
59 -1.14751362381351
60 0.550019227784231
61 -1.14751362381351
62 -1.14751362381351
63 0.0213714955353354
64 -0.0836300344078567
65 2.27927936488657
66 -1.14751362381351
67 -1.14751362381351
68 0.321496508988644
69 -1.14751362381351
70 -1.14751362381351
71 -1.14751362381351
72 -0.121676758096059
73 -0.0930882408010792
74 -1.14751362381351
75 -0.203319840316256
76 -1.14751362381351
77 -1.14751362381351
78 0.0201703394305883
79 -0.215379311207546
80 -0.013739477732174
81 0.550019227784231
82 -0.196915910439739
83 -1.14751362381351
84 -1.14751362381351
85 -0.183765263123742
86 -0.161096274978248
87 -0.164841308062902
88 -1.14751362381351
89 -1.14751362381351
90 -1.14751362381351
91 0.0201703394305883
92 1.58320687722485
93 -0.013739477732174
94 -0.129612404783256
95 -1.14751362381351
96 -0.151510471131787
97 0.0325283349223614
98 0.0845428604511845
99 -0.204159654955145
100 -1.14751362381351
101 1.17791372841947
102 -1.14751362381351
103 -0.121626732042122
104 -1.14751362381351
105 -0.0762662657907441
106 -0.197726887556597
107 0.036038095119543
108 -0.151510471131787
109 -1.14751362381351
110 -1.14751362381351
111 -0.143769714509806
112 -1.14751362381351
113 -1.14751362381351
114 0.304705456855416
115 -0.181523961870292
116 1.81134448302985
117 -1.14751362381351
118 -0.183143870162583
119 -1.14751362381351
120 0.321496508988644
121 0.0213714955353354
122 -0.215793024135859
123 -1.14751362381351
124 -1.14751362381351
125 1.96402706488581
126 -0.168255924015066
127 -0.0655281022701744
128 -1.14751362381351
129 -1.14751362381351
130 -0.138663688711162
131 0.0856339570837793
132 -1.14751362381351
133 -0.0823858966746648
134 0.515048102075606
135 -0.153023776031378
136 -1.14751362381351
137 -1.14751362381351
138 -1.14751362381351
139 0.036038095119543
140 -1.14751362381351
141 -1.14751362381351
142 -1.14751362381351
143 0.550019227784231
144 -0.00414675880999542
145 -1.14751362381351
146 -1.14751362381351
147 -1.14751362381351
148 -1.14751362381351
149 -1.14751362381351
150 0.44073615855894
151 -1.14751362381351
152 -1.14751362381351
153 1.58320687722485
154 -1.14751362381351
155 0.0276735847306239
156 -1.14751362381351
157 -1.14751362381351
158 -1.14751362381351
159 -0.233932132000218
160 -1.14751362381351
161 -1.14751362381351
162 -1.14751362381351
163 -0.217595147443819
164 -1.14751362381351
165 1.78946743450801
166 -1.14751362381351
167 -1.14751362381351
168 -1.14751362381351
169 2.35383930304354
170 2.73283424859052
171 0.0213714955353354
172 0.297490095211497
173 -0.238120343125987
174 -1.14751362381351
175 -1.14751362381351
176 3.54108343337574
177 -1.14751362381351
178 -1.14751362381351
179 3.85879380147451
180 -1.14751362381351
181 -0.187651798261915
182 -1.14751362381351
183 -0.121626732042122
184 -1.14751362381351
185 -0.0930882408010792
186 -1.14751362381351
187 -1.14751362381351
188 -1.14751362381351
189 -0.218361384530567
190 1.90691998346358
191 -1.14751362381351
192 -1.14751362381351
193 -1.14751362381351
194 -0.151686847263146
195 -1.14751362381351
196 -1.14751362381351
197 -1.14751362381351
198 -1.14751362381351
199 -0.22479723525561
200 -1.14751362381351
201 -1.14751362381351
202 -1.14751362381351
203 -1.14751362381351
204 -1.14751362381351
205 -1.14751362381351
206 6.5969400592051
207 -1.14751362381351
208 -1.14751362381351
209 -1.14751362381351
210 -1.14751362381351
211 -1.14751362381351
212 -1.14751362381351
213 0.914163578504305
214 0.0558616404347938
215 -1.14751362381351
216 -0.161677052708965
217 -1.14751362381351
218 -0.0987861730695989
219 -1.14751362381351
220 -0.177826847175067
221 0.0276735847306239
222 -0.204159654955145
223 -0.15763206561372
224 -1.14751362381351
225 -1.14751362381351
226 -1.14751362381351
227 -0.151686847263146
228 -1.14751362381351
229 -1.14751362381351
230 -1.14751362381351
231 -0.130587059537707
232 -1.14751362381351
233 -0.169472827190992
234 -1.14751362381351
235 -1.14751362381351
236 -1.14751362381351
237 -1.14751362381351
238 -1.14751362381351
239 -0.215379311207546
240 -0.168095881956563
241 -1.14751362381351
242 -0.0871188495506668
243 -1.14751362381351
244 -1.14751362381351
245 -1.14751362381351
246 -1.14751362381351
247 0.550019227784231
248 -0.0271507852326179
249 1.31657086043973
250 -1.14751362381351
251 -1.14751362381351
252 -0.167562100346035
253 -1.14751362381351
254 -1.14751362381351
255 -1.14751362381351
256 -1.14751362381351
257 -1.14751362381351
258 0.0222721631945149
259 0.334904276349166
260 -1.14751362381351
261 -1.14751362381351
262 -0.127852704336653
263 -1.14751362381351
264 -1.14751362381351
265 -1.14751362381351
266 -1.14751362381351
267 -0.226512328209476
268 -1.14751362381351
269 -1.14751362381351
270 -1.14751362381351
271 -1.14751362381351
272 -1.14751362381351
273 -1.14751362381351
274 -1.14751362381351
275 0.00977708656230004
276 -1.14751362381351
277 -1.14751362381351
278 0.00977708656230004
279 -1.14751362381351
280 0.0132736935595838
281 -1.14751362381351
282 -0.224852306460068
283 -1.14751362381351
284 -1.14751362381351
285 -1.14751362381351
286 -1.14751362381351
287 -0.238440753631095
288 -1.14751362381351
289 -1.14751362381351
290 -1.14751362381351
291 -0.0394521504371306
292 -1.14751362381351
293 -1.14751362381351
294 -1.14751362381351
295 -1.14751362381351
296 -0.119980075231045
297 0.515048102075606
298 -1.14751362381351
299 -1.14751362381351
300 -1.14751362381351
301 -1.14751362381351
302 -1.14751362381351
303 -1.14751362381351
304 -1.14751362381351
305 -0.220859093117442
306 -1.14751362381351
307 -1.14751362381351
308 -1.14751362381351
309 0.550019227784231
310 -1.14751362381351
311 -1.14751362381351
312 -1.14751362381351
313 -0.160526688943569
314 -1.14751362381351
315 -1.14751362381351
316 -1.14751362381351
317 -1.14751362381351
318 -1.14751362381351
319 -1.14751362381351
320 -1.14751362381351
321 -1.14751362381351
322 0.550019227784231
323 -0.224911874395449
324 -1.14751362381351
325 -1.14751362381351
326 0.585115863977251
327 -1.14751362381351
328 -0.197726887556597
329 -1.14751362381351
330 -0.234272123136434
331 -1.14751362381351
332 -1.14751362381351
333 -1.14751362381351
334 -0.167562100346035
335 -1.14751362381351
336 -0.00912895549358261
337 -0.216662840928022
338 -0.0987861730695989
339 -1.14751362381351
340 0.535873935435237
341 -1.14751362381351
342 -1.14751362381351
343 -1.14751362381351
344 0.222068515262462
345 0.222068515262462
346 -1.14751362381351
347 -1.14751362381351
348 -1.14751362381351
349 -1.14751362381351
350 -0.110376555475546
351 -1.14751362381351
352 -1.14751362381351
353 -1.14751362381351
354 -1.14751362381351
355 -1.14751362381351
356 -1.14751362381351
357 -1.14751362381351
358 -1.14751362381351
359 -1.14751362381351
360 -1.14751362381351
361 0.454882898971029
362 -1.14751362381351
363 -1.14751362381351
364 -1.14751362381351
365 -1.14751362381351
366 -1.14751362381351
367 -1.14751362381351
368 -1.14751362381351
369 -1.14751362381351
370 -1.14751362381351
371 -1.14751362381351
372 -1.14751362381351
373 -1.14751362381351
374 -1.14751362381351
375 -1.14751362381351
376 -1.14751362381351
377 -1.14751362381351
378 -1.14751362381351
379 -1.14751362381351
380 -1.14751362381351
381 -1.14751362381351
382 -1.14751362381351
383 -1.14751362381351
384 -1.14751362381351
385 -0.220859093117442
386 -1.14751362381351
387 -0.128928657509837
388 -1.14751362381351
389 -1.14751362381351
390 -1.14751362381351
391 -1.14751362381351
392 -1.14751362381351
393 -1.14751362381351
394 0.290039990375341
395 -1.14751362381351
396 -1.14751362381351
397 -1.14751362381351
398 -1.14751362381351
399 -0.196001514517611
400 -1.14751362381351
401 -1.14751362381351
402 -1.14751362381351
403 -1.14751362381351
404 -1.14751362381351
405 -1.14751362381351
406 -1.14751362381351
407 -1.14751362381351
408 -1.14751362381351
409 -1.14751362381351
410 -1.14751362381351
411 -1.14751362381351
412 -1.14751362381351
413 -1.14751362381351
414 -1.14751362381351
415 1.15253883656152
416 -1.14751362381351
417 -1.14751362381351
418 0.00379004507046554
419 -1.14751362381351
420 -1.14751362381351
421 -1.14751362381351
422 -1.14751362381351
423 -1.14751362381351
424 -1.14751362381351
425 -1.14751362381351
426 -1.14751362381351
427 -1.14751362381351
428 -1.14751362381351
429 -1.14751362381351
430 -1.14751362381351
431 0.493814646393679
432 -1.14751362381351
433 -1.14751362381351
434 -1.14751362381351
435 -1.14751362381351
436 -0.207286707028918
437 -1.14751362381351
438 -1.14751362381351
439 -1.14751362381351
440 -1.14751362381351
441 -1.14751362381351
442 -1.14751362381351
443 -1.14751362381351
444 -1.14751362381351
445 -1.14751362381351
446 -1.14751362381351
447 -0.106954183249504
448 -1.14751362381351
449 -1.14751362381351
450 -1.14751362381351
451 -1.14751362381351
452 -1.14751362381351
453 -1.14751362381351
454 -1.14751362381351
455 -1.14751362381351
456 -1.14751362381351
457 -1.14751362381351
458 -1.14751362381351
459 -1.14751362381351
460 -1.14751362381351
461 -1.14751362381351
462 -1.14751362381351
463 -0.208428651623127
464 -1.14751362381351
465 -1.14751362381351
466 -1.14751362381351
467 -1.14751362381351
468 -1.14751362381351
469 -1.14751362381351
470 -1.14751362381351
471 1.78946743450801
472 -1.14751362381351
473 -1.14751362381351
474 -1.14751362381351
475 -1.14751362381351
476 -1.14751362381351
477 -1.14751362381351
478 -1.14751362381351
479 -1.14751362381351
480 -1.14751362381351
481 -1.14751362381351
482 -1.14751362381351
483 -1.14751362381351
484 -1.14751362381351
485 -1.14751362381351
486 -1.14751362381351
487 -1.14751362381351
488 -1.14751362381351
489 -0.220434367971236
490 -1.14751362381351
491 -1.14751362381351
492 -1.14751362381351
493 -1.14751362381351
494 -1.14751362381351
495 -1.14751362381351
496 -1.14751362381351
497 -1.14751362381351
498 -1.14751362381351
499 -1.14751362381351
500 -1.14751362381351
501 -0.197726887556597
502 -1.14751362381351
503 -1.14751362381351
504 0.550019227784231
505 -1.14751362381351
506 -1.14751362381351
507 -1.14751362381351
508 -1.14751362381351
509 -1.14751362381351
510 -1.14751362381351
511 -1.14751362381351
512 -1.14751362381351
513 -1.14751362381351
514 -1.14751362381351
515 -1.14751362381351
516 -1.14751362381351
517 -1.14751362381351
518 0.290039990375341
519 -1.14751362381351
520 0.0558616404347938
521 -1.14751362381351
522 -1.14751362381351
523 -1.14751362381351
524 -1.14751362381351
525 -1.14751362381351
526 -1.14751362381351
527 -1.14751362381351
528 -1.14751362381351
529 -1.14751362381351
530 -1.14751362381351
531 -1.14751362381351
532 -1.14751362381351
533 -1.14751362381351
534 -1.14751362381351
535 -1.14751362381351
536 -1.14751362381351
537 -1.14751362381351
538 -1.14751362381351
539 -1.14751362381351
540 -1.14751362381351
541 -1.14751362381351
542 -0.151686847263146
543 -0.151686847263146
544 -1.14751362381351
545 -1.14751362381351
546 -1.14751362381351
547 -1.14751362381351
548 -1.14751362381351
549 -1.14751362381351
550 -1.14751362381351
551 -1.14751362381351
552 -1.14751362381351
553 -1.14751362381351
554 -0.238120343125987
555 -1.14751362381351
556 -1.14751362381351
557 -1.14751362381351
558 -1.14751362381351
559 -1.14751362381351
560 -1.14751362381351
561 -1.14751362381351
562 -0.238120343125987
563 -1.14751362381351
564 -1.14751362381351
565 -1.14751362381351
566 -1.14751362381351
567 -1.14751362381351
568 -1.14751362381351
569 -1.14751362381351
570 -1.14751362381351
571 -1.14751362381351
572 -1.14751362381351
573 -1.14751362381351
574 -1.14751362381351
575 -1.14751362381351
576 -1.14751362381351
577 -1.14751362381351
578 -1.14751362381351
579 -1.14751362381351
580 -1.14751362381351
581 -1.14751362381351
582 -0.18519115651941
583 -1.14751362381351
584 -1.14751362381351
585 -1.14751362381351
586 -1.14751362381351
587 -1.14751362381351
588 -1.14751362381351
589 -0.238816496463435
590 -1.14751362381351
591 -1.14751362381351
592 -1.14751362381351
593 -1.14751362381351
594 -1.14751362381351
595 -1.14751362381351
596 -1.14751362381351
597 -1.14751362381351
598 -1.14751362381351
599 -0.204159654955145
600 -1.14751362381351
601 -1.14751362381351
602 -0.18519115651941
603 -1.14751362381351
604 -1.14751362381351
605 -1.14751362381351
606 -0.181523961870292
607 -1.14751362381351
608 -0.220388965163614
609 -1.14751362381351
610 -1.14751362381351
611 -1.14751362381351
612 -1.14751362381351
613 -1.14751362381351
614 -1.14751362381351
615 -1.14751362381351
616 -1.14751362381351
617 3.2083631160943
618 -1.14751362381351
619 -1.14751362381351
620 -1.14751362381351
621 -1.14751362381351
622 -1.14751362381351
623 -1.14751362381351
624 -1.14751362381351
625 -0.121677721644826
626 -1.14751362381351
627 -1.14751362381351
628 -1.14751362381351
629 -1.14751362381351
630 -1.14751362381351
631 -1.14751362381351
632 -1.14751362381351
633 -1.14751362381351
634 -1.14751362381351
635 -1.14751362381351
636 -1.14751362381351
637 -1.14751362381351
638 -1.14751362381351
639 -1.14751362381351
640 -1.14751362381351
641 -1.14751362381351
642 -1.14751362381351
643 -1.14751362381351
644 -1.14751362381351
645 -1.14751362381351
646 -1.14751362381351
647 -1.14751362381351
648 -1.14751362381351
649 -1.14751362381351
650 -1.14751362381351
651 -1.14751362381351
652 -1.14751362381351
653 -1.14751362381351
654 -1.14751362381351
655 -1.14751362381351
656 -1.14751362381351
657 -1.14751362381351
658 -1.14751362381351
659 -1.14751362381351
660 -1.14751362381351
661 -1.14751362381351
662 -1.14751362381351
663 -1.14751362381351
664 -1.14751362381351
665 -1.14751362381351
666 -1.14751362381351
667 0.055476302156809
668 -1.14751362381351
669 1.81134448302985
670 -1.14751362381351
671 1.15253883656152
672 -1.14751362381351
673 -1.14751362381351
674 -1.14751362381351
675 -1.14751362381351
676 -1.14751362381351
677 -1.14751362381351
678 -1.14751362381351
679 -1.14751362381351
680 -1.14751362381351
681 -1.14751362381351
682 -1.14751362381351
683 -1.14751362381351
684 -1.14751362381351
685 -1.14751362381351
686 -1.14751362381351
687 -1.14751362381351
688 -1.14751362381351
689 -1.14751362381351
690 -1.14751362381351
691 -0.00373050098822289
692 -0.233358844246125
693 -1.14751362381351
694 -1.14751362381351
695 -1.14751362381351
696 -1.14751362381351
697 -1.14751362381351
698 -1.14751362381351
699 -1.14751362381351
700 -1.14751362381351
701 -1.14751362381351
702 -1.14751362381351
703 -1.14751362381351
704 -1.14751362381351
705 -1.14751362381351
706 -1.14751362381351
707 -1.14751362381351
708 -1.14751362381351
709 -1.14751362381351
710 -1.14751362381351
711 -1.14751362381351
712 -1.14751362381351
713 -1.14751362381351
714 -1.14751362381351
715 -1.14751362381351
716 -1.14751362381351
717 -1.14751362381351
718 -0.013739477732174
719 -1.14751362381351
720 -1.14751362381351
721 -1.14751362381351
722 -1.14751362381351
723 -1.14751362381351
724 -1.14751362381351
725 -1.14751362381351
726 -1.14751362381351
727 -1.14751362381351
728 -1.14751362381351
729 -1.14751362381351
730 -1.14751362381351
731 -1.14751362381351
732 -1.14751362381351
733 -1.14751362381351
734 -1.14751362381351
735 -1.14751362381351
736 -1.14751362381351
737 -1.14751362381351
738 -1.14751362381351
739 -1.14751362381351
740 -1.14751362381351
741 -1.14751362381351
742 -1.14751362381351
743 -1.14751362381351
744 -1.14751362381351
745 -1.14751362381351
746 -1.14751362381351
747 -0.013739477732174
748 -1.14751362381351
749 -1.14751362381351
750 -1.14751362381351
751 -1.14751362381351
752 1.15253883656152
753 -1.14751362381351
754 -1.14751362381351
755 -1.14751362381351
756 -1.14751362381351
757 1.15253883656152
758 -1.14751362381351
759 -1.14751362381351
760 -1.14751362381351
761 -1.14751362381351
762 -1.14751362381351
763 -1.14751362381351
764 -1.14751362381351
765 -1.14751362381351
766 -1.14751362381351
767 -1.14751362381351
768 -1.14751362381351
769 -1.14751362381351
770 -1.14751362381351
771 -1.14751362381351
772 -1.14751362381351
773 -1.14751362381351
774 -1.14751362381351
775 -0.20363376275407
776 -1.14751362381351
777 -1.14751362381351
778 -1.14751362381351
779 -1.14751362381351
780 -1.14751362381351
781 -1.14751362381351
782 -1.14751362381351
783 -1.14751362381351
784 -1.14751362381351
785 -1.14751362381351
786 -1.14751362381351
787 -1.14751362381351
788 -1.14751362381351
789 -1.14751362381351
790 -1.14751362381351
791 -1.14751362381351
792 -1.14751362381351
793 -1.14751362381351
794 -1.14751362381351
795 -1.14751362381351
796 -1.14751362381351
797 -1.14751362381351
798 -1.14751362381351
799 -1.14751362381351
800 -1.14751362381351
801 -1.14751362381351
802 -1.14751362381351
803 -1.14751362381351
804 -1.14751362381351
805 -1.14751362381351
806 -1.14751362381351
807 -1.14751362381351
808 -1.14751362381351
809 -1.14751362381351
810 -1.14751362381351
811 -1.14751362381351
812 -1.14751362381351
813 -1.14751362381351
814 -1.14751362381351
815 -1.14751362381351
816 -1.14751362381351
817 -1.14751362381351
818 -1.14751362381351
819 -1.14751362381351
820 -1.14751362381351
821 -1.14751362381351
822 -1.14751362381351
823 -1.14751362381351
824 -1.14751362381351
825 -1.14751362381351
826 -1.14751362381351
827 -1.14751362381351
828 -1.14751362381351
829 -0.150606473765577
830 -1.14751362381351
831 -0.215379311207546
832 -1.14751362381351
833 -1.14751362381351
834 -1.14751362381351
835 -1.14751362381351
836 -1.14751362381351
837 -1.14751362381351
838 -1.14751362381351
839 -1.14751362381351
840 -1.14751362381351
841 -1.14751362381351
842 -1.14751362381351
843 -1.14751362381351
844 -1.14751362381351
845 -1.14751362381351
846 -0.224911874395449
847 -1.14751362381351
848 -1.14751362381351
849 -1.14751362381351
850 -1.14751362381351
851 -1.14751362381351
852 -1.14751362381351
853 -1.14751362381351
854 -1.14751362381351
855 -1.14751362381351
856 -1.14751362381351
857 -1.14751362381351
858 -1.14751362381351
859 -1.14751362381351
860 -1.14751362381351
861 -1.14751362381351
862 -1.14751362381351
863 -1.14751362381351
864 -1.14751362381351
865 -1.14751362381351
866 -1.14751362381351
867 -1.14751362381351
868 -1.14751362381351
869 -1.14751362381351
870 2.12024536205593
871 -1.14751362381351
872 -0.22738616977239
873 0.0856339570837793
874 0.515048102075606
875 -0.229585964065626
876 -1.14751362381351
877 -1.14751362381351
878 -1.14751362381351
879 -1.14751362381351
880 -1.14751362381351
881 0.325267813291686
882 -1.14751362381351
883 -1.14751362381351
884 -1.14751362381351
885 -1.14751362381351
886 -1.14751362381351
887 -1.14751362381351
888 -1.14751362381351
889 -1.14751362381351
890 -1.14751362381351
891 -1.14751362381351
892 -1.14751362381351
893 -1.14751362381351
894 -1.14751362381351
895 -1.14751362381351
896 -1.14751362381351
897 -1.14751362381351
898 -1.14751362381351
899 -1.14751362381351
900 -1.14751362381351
901 1.1530149745106
902 -1.14751362381351
903 0.055476302156809
904 -1.14751362381351
905 -0.220388965163614
906 -0.220388965163614
907 -1.14751362381351
908 -1.14751362381351
909 -1.14751362381351
910 -1.14751362381351
911 -0.169472827190992
912 -1.14751362381351
913 -1.14751362381351
914 -1.14751362381351
915 -1.14751362381351
916 -1.14751362381351
917 -1.14751362381351
918 -1.14751362381351
919 -1.14751362381351
920 0.738553850522387
921 -0.0768459625839847
922 -1.14751362381351
923 -1.14751362381351
924 0.468140515854457
925 0.036038095119543
926 -1.14751362381351
927 -1.14751362381351
928 -1.14751362381351
929 -1.14751362381351
930 -1.14751362381351
931 -1.14751362381351
932 -1.14751362381351
933 -1.14751362381351
934 -1.14751362381351
935 -1.14751362381351
936 -1.14751362381351
937 -1.14751362381351
938 -1.14751362381351
939 -1.14751362381351
940 -1.14751362381351
941 -1.14751362381351
942 -0.224052934061916
943 -1.14751362381351
944 0.146092084925699
945 0.0499265173289276
946 -1.14751362381351
947 -0.0930882408010792
948 -1.14751362381351
949 -1.14751362381351
950 -1.14751362381351
951 -1.14751362381351
952 -1.14751362381351
953 -1.14751362381351
954 -1.14751362381351
955 -1.14751362381351
956 -1.14751362381351
957 -1.14751362381351
958 -1.14751362381351
959 -1.14751362381351
960 -1.14751362381351
961 -1.14751362381351
962 -1.14751362381351
963 -1.14751362381351
964 -1.14751362381351
965 -1.14751362381351
966 -1.14751362381351
967 0.550019227784231
968 -1.14751362381351
969 -1.14751362381351
970 -0.0987861730695989
971 -1.14751362381351
972 -0.180360317939984
973 -1.14751362381351
974 -1.14751362381351
975 -1.14751362381351
976 -0.187651798261915
977 -0.187651798261915
978 -1.14751362381351
979 -1.14751362381351
980 -1.14751362381351
981 -1.14751362381351
982 -1.14751362381351
983 -1.14751362381351
984 -1.14751362381351
985 -1.14751362381351
986 -1.14751362381351
987 -1.14751362381351
988 -0.220434367971236
989 0.402740434759006
990 -1.14751362381351
991 -1.14751362381351
992 -1.14751362381351
993 -1.14751362381351
994 -1.14751362381351
995 -1.14751362381351
996 -1.14751362381351
997 -0.00912895549358261
998 -1.14751362381351
999 -1.14751362381351
1000 -1.14751362381351
1001 0.265964396632905
1002 -1.14751362381351
1003 -1.14751362381351
1004 0.550019227784231
1005 0.550019227784231
1006 -1.14751362381351
1007 -1.14751362381351
1008 -0.177269703481356
1009 -1.14751362381351
1010 -1.14751362381351
1011 -1.14751362381351
1012 -0.163179479145862
1013 -1.14751362381351
1014 -1.14751362381351
1015 -1.14751362381351
1016 0.0213714955353354
1017 -0.15763206561372
1018 -1.14751362381351
1019 -1.14751362381351
1020 -0.00912895549358261
1021 1.19123435410365
1022 -1.14751362381351
1023 -1.14751362381351
1024 -1.14751362381351
1025 -1.14751362381351
1026 -1.14751362381351
1027 -1.14751362381351
1028 0.550019227784231
1029 0.515048102075606
1030 -0.219167766599968
1031 -1.14751362381351
1032 -1.14751362381351
1033 -1.14751362381351
1034 -1.14751362381351
1035 -1.14751362381351
1036 -0.220388965163614
1037 -0.215379311207546
1038 -0.226512328209476
1039 -1.14751362381351
1040 -1.14751362381351
1041 -0.220388965163614
1042 -1.14751362381351
1043 -1.14751362381351
1044 -1.14751362381351
1045 -0.110376555475546
1046 -1.14751362381351
1047 -0.224282919121492
1048 -1.14751362381351
1049 -1.14751362381351
1050 -1.14751362381351
1051 -1.14751362381351
1052 -1.14751362381351
1053 -0.224911874395449
1054 -1.14751362381351
1055 -1.14751362381351
1056 0.550019227784231
1057 -1.14751362381351
1058 -1.14751362381351
1059 -1.14751362381351
1060 -1.14751362381351
1061 -1.14751362381351
1062 -1.14751362381351
1063 -1.14751362381351
1064 -1.14751362381351
1065 -1.14751362381351
1066 -1.14751362381351
1067 0.744994780025616
1068 -1.14751362381351
1069 -1.14751362381351
1070 -1.14751362381351
1071 0.11972752384913
1072 -1.14751362381351
1073 -1.14751362381351
1074 -1.14751362381351
1075 -1.14751362381351
1076 -1.14751362381351
1077 -1.14751362381351
1078 -1.14751362381351
1079 0.0325283349223614
1080 -0.0127329888493632
1081 0.00914424083829535
1082 -0.204159654955145
1083 -1.14751362381351
1084 -1.14751362381351
1085 0.055476302156809
1086 -1.14751362381351
1087 -1.14751362381351
1088 -0.215379311207546
1089 -1.14751362381351
1090 -1.14751362381351
1091 -1.14751362381351
1092 -1.14751362381351
1093 -1.14751362381351
1094 0.232992229038791
1095 -1.14751362381351
1096 -1.14751362381351
1097 -1.14751362381351
1098 -1.14751362381351
1099 1.96402706488581
1100 -1.14751362381351
1101 -1.14751362381351
1102 -1.14751362381351
1103 -1.14751362381351
1104 -1.14751362381351
1105 -1.14751362381351
1106 1.15253883656152
1107 -0.238120343125987
1108 -0.238120343125987
1109 -0.238120343125987
1110 -0.238120343125987
1111 -0.238120343125987
1112 -0.238120343125987
1113 -1.14751362381351
1114 -1.14751362381351
1115 -0.181523961870292
1116 -0.161677052708965
1117 -0.222149687415043
1118 -0.106158234402537
1119 -0.226512328209476
1120 -1.14751362381351
1121 -1.14751362381351
1122 -1.14751362381351
1123 -1.14751362381351
1124 -1.14751362381351
1125 -0.164513672087986
1126 -1.14751362381351
1127 -1.14751362381351
1128 -1.14751362381351
1129 -1.14751362381351
1130 -1.14751362381351
1131 -1.14751362381351
1132 -1.14751362381351
1133 -0.0987861730695989
1134 -1.14751362381351
1135 -1.14751362381351
1136 -1.14751362381351
1137 -0.0190273986007829
1138 0.779948405830214
1139 -1.14751362381351
1140 -1.14751362381351
1141 0.153563276435487
1142 -1.14751362381351
1143 -1.14751362381351
1144 -0.216662840928022
1145 -0.212024082621044
1146 -0.110890186032362
1147 -1.14751362381351
1148 -1.14751362381351
1149 -1.14751362381351
1150 -1.14751362381351
1151 -1.14751362381351
1152 -1.14751362381351
1153 -1.14751362381351
1154 -1.14751362381351
1155 -1.14751362381351
1156 2.35075871153421
1157 -0.223382271928988
1158 -1.14751362381351
1159 -1.14751362381351
1160 -1.14751362381351
1161 -1.14751362381351
1162 -1.14751362381351
1163 -0.143276587167073
1164 -1.14751362381351
1165 -1.14751362381351
1166 -1.14751362381351
1167 -0.151686847263146
1168 -0.164841308062902
1169 -1.14751362381351
1170 -1.14751362381351
1171 -1.14751362381351
1172 0.0900161370923754
1173 -0.233358844246125
1174 -1.14751362381351
1175 -0.141001125083048
1176 -1.14751362381351
1177 -0.0394521504371306
1178 -1.14751362381351
1179 -1.14751362381351
1180 -0.174048326668629
1181 -1.14751362381351
1182 -0.0930882408010792
1183 -1.14751362381351
1184 0.0558616404347938
1185 -0.204159654955145
1186 0.00914424083829535
1187 -0.163179479145862
1188 -1.14751362381351
1189 -1.14751362381351
1190 -1.14751362381351
1191 -1.14751362381351
1192 -0.0762662657907441
1193 0.14434113174328
1194 -1.14751362381351
1195 -1.14751362381351
1196 -1.14751362381351
1197 -1.14751362381351
1198 -0.197726887556597
1199 -1.14751362381351
1200 -1.14751362381351
1201 -1.14751362381351
1202 -1.14751362381351
1203 -1.14751362381351
1204 -1.14751362381351
1205 -1.14751362381351
1206 -1.14751362381351
1207 -1.14751362381351
1208 -1.14751362381351
1209 0.734221363452894
1210 -1.14751362381351
1211 -0.151686847263146
1212 -1.14751362381351
1213 -1.14751362381351
1214 -1.14751362381351
1215 -1.14751362381351
1216 -1.14751362381351
1217 -1.14751362381351
1218 -1.14751362381351
1219 -1.14751362381351
1220 -1.14751362381351
1221 -1.14751362381351
1222 -1.14751362381351
1223 -1.14751362381351
1224 -1.14751362381351
1225 -1.14751362381351
1226 -1.14751362381351
1227 -1.14751362381351
1228 -0.220421215914255
1229 -1.14751362381351
1230 0.036038095119543
1231 -1.14751362381351
1232 -1.14751362381351
1233 -1.14751362381351
1234 -1.14751362381351
1235 -1.14751362381351
1236 -1.14751362381351
1237 -1.14751362381351
1238 -1.14751362381351
1239 -1.14751362381351
1240 -1.14751362381351
1241 -1.14751362381351
1242 -0.157361874685689
1243 -1.14751362381351
1244 -1.14751362381351
1245 -1.14751362381351
1246 -1.14751362381351
1247 -1.14751362381351
1248 -1.14751362381351
1249 -1.14751362381351
1250 -0.00912895549358261
1251 -1.14751362381351
1252 -1.14751362381351
1253 -1.14751362381351
1254 -1.14751362381351
1255 -1.14751362381351
1256 -1.14751362381351
1257 -1.14751362381351
1258 -0.00912895549358261
1259 -0.224911874395449
1260 -1.14751362381351
1261 -1.14751362381351
1262 -1.14751362381351
1263 -1.14751362381351
1264 -1.14751362381351
1265 -1.14751362381351
1266 -1.14751362381351
1267 -1.14751362381351
1268 -1.14751362381351
1269 -1.14751362381351
1270 -1.14751362381351
1271 -1.14751362381351
1272 -1.14751362381351
1273 -1.14751362381351
1274 -1.14751362381351
1275 -1.14751362381351
1276 -0.204159654955145
1277 -1.14751362381351
1278 -1.14751362381351
1279 -1.14751362381351
1280 -1.14751362381351
1281 -1.14751362381351
1282 -0.00912895549358261
1283 -1.14751362381351
1284 -1.14751362381351
1285 -1.14751362381351
1286 -1.14751362381351
1287 -1.14751362381351
1288 -1.14751362381351
1289 -1.14751362381351
1290 -1.14751362381351
1291 -1.14751362381351
1292 -1.14751362381351
1293 -1.14751362381351
1294 -0.188296147705987
1295 -1.14751362381351
1296 -1.14751362381351
1297 -1.14751362381351
1298 -1.14751362381351
1299 -1.14751362381351
1300 -1.14751362381351
1301 -1.14751362381351
1302 -1.14751362381351
1303 -0.150622814595813
1304 0.0124182841065123
1305 0.0124182841065123
1306 -1.14751362381351
1307 -1.14751362381351
1308 -1.14751362381351
1309 -1.14751362381351
1310 -1.14751362381351
1311 -1.14751362381351
1312 -1.14751362381351
1313 -1.14751362381351
1314 -1.14751362381351
1315 -1.14751362381351
1316 -1.14751362381351
1317 -1.14751362381351
1318 -1.14751362381351
1319 -1.14751362381351
1320 -0.124583408334407
1321 -1.14751362381351
1322 -1.14751362381351
1323 -1.14751362381351
1324 -1.14751362381351
1325 -1.14751362381351
1326 -1.14751362381351
1327 -1.14751362381351
1328 -1.14751362381351
1329 -0.20070041665537
1330 -1.14751362381351
1331 -1.14751362381351
1332 -1.14751362381351
1333 -1.14751362381351
1334 -1.14751362381351
1335 -1.14751362381351
1336 -1.14751362381351
1337 -1.14751362381351
1338 -1.14751362381351
1339 1.15253883656152
1340 -0.217800613917436
1341 -1.14751362381351
1342 -1.14751362381351
1343 -1.14751362381351
1344 -1.14751362381351
1345 -1.14751362381351
1346 -1.14751362381351
1347 -1.14751362381351
1348 -1.14751362381351
1349 -1.14751362381351
1350 -1.14751362381351
1351 -1.14751362381351
1352 -1.14751362381351
1353 -1.14751362381351
1354 -1.14751362381351
1355 -1.14751362381351
1356 -1.14751362381351
1357 -1.14751362381351
1358 -1.14751362381351
1359 -1.14751362381351
1360 -0.013739477732174
1361 -1.14751362381351
1362 -1.14751362381351
1363 -1.14751362381351
1364 -1.14751362381351
1365 -1.14751362381351
1366 -1.14751362381351
1367 -1.14751362381351
1368 -1.14751362381351
1369 -1.14751362381351
1370 -1.14751362381351
1371 -1.14751362381351
1372 -1.14751362381351
1373 -0.00373050098822289
1374 -1.14751362381351
1375 -1.14751362381351
1376 -1.14751362381351
1377 -1.14751362381351
1378 -1.14751362381351
1379 -1.14751362381351
1380 -1.14751362381351
1381 -1.14751362381351
1382 -1.14751362381351
1383 -1.14751362381351
1384 -1.14751362381351
1385 -1.14751362381351
1386 -1.14751362381351
1387 -1.14751362381351
1388 -1.14751362381351
1389 -1.14751362381351
1390 -1.14751362381351
1391 -1.14751362381351
1392 -1.14751362381351
1393 -1.14751362381351
1394 0.036038095119543
1395 -1.14751362381351
1396 -1.14751362381351
1397 -1.14751362381351
1398 -1.14751362381351
1399 -1.14751362381351
1400 -1.14751362381351
1401 -1.14751362381351
1402 -1.14751362381351
1403 -1.14751362381351
1404 -1.14751362381351
1405 -0.0930882408010792
1406 -1.14751362381351
1407 -1.14751362381351
1408 -1.14751362381351
1409 -1.14751362381351
1410 -1.14751362381351
1411 -1.14751362381351
1412 -1.14751362381351
1413 -1.14751362381351
1414 -1.14751362381351
1415 -1.14751362381351
1416 -1.14751362381351
1417 -0.0195711988728267
1418 -1.14751362381351
1419 -1.14751362381351
1420 -1.14751362381351
1421 0.510597975758873
1422 -1.14751362381351
1423 -1.14751362381351
1424 -1.14751362381351
1425 -1.14751362381351
1426 -1.14751362381351
1427 -1.14751362381351
1428 -1.14751362381351
1429 -1.14751362381351
1430 -1.14751362381351
1431 -1.14751362381351
1432 -1.14751362381351
1433 -1.14751362381351
1434 -1.14751362381351
1435 -1.14751362381351
1436 1.15253883656152
1437 -1.14751362381351
1438 -1.14751362381351
1439 -1.14751362381351
1440 -1.14751362381351
1441 -1.14751362381351
1442 -1.14751362381351
1443 -1.14751362381351
1444 -1.14751362381351
1445 -1.14751362381351
1446 -1.14751362381351
1447 -1.14751362381351
1448 -1.14751362381351
1449 -1.14751362381351
1450 -0.128928657509837
1451 -1.14751362381351
1452 -1.14751362381351
1453 -1.14751362381351
1454 -1.14751362381351
1455 -1.14751362381351
1456 -1.14751362381351
1457 -1.14751362381351
1458 -1.14751362381351
1459 -1.14751362381351
1460 -0.214504791319233
1461 -1.14751362381351
1462 -1.14751362381351
1463 -1.14751362381351
1464 -1.14751362381351
1465 -1.14751362381351
1466 -1.14751362381351
1467 -1.14751362381351
1468 -1.14751362381351
1469 -1.14751362381351
1470 -0.219167766599968
1471 -1.14751362381351
1472 -0.183765263123742
1473 -0.0963652397339418
1474 -1.14751362381351
1475 -1.14751362381351
1476 -1.14751362381351
1477 -1.14751362381351
1478 -1.14751362381351
1479 0.0830668967500082
1480 -1.14751362381351
1481 1.22076098881961
1482 -1.14751362381351
1483 -1.14751362381351
1484 -1.14751362381351
1485 -1.14751362381351
1486 -1.14751362381351
1487 -1.14751362381351
1488 -1.14751362381351
1489 -1.14751362381351
1490 -1.14751362381351
1491 -1.14751362381351
1492 -1.14751362381351
1493 -1.14751362381351
1494 -1.14751362381351
1495 -1.14751362381351
1496 -1.14751362381351
1497 -1.14751362381351
1498 -1.14751362381351
1499 -1.14751362381351
1500 -1.14751362381351
1501 -1.14751362381351
1502 -1.14751362381351
1503 -1.14751362381351
1504 -1.14751362381351
1505 -1.14751362381351
1506 -1.14751362381351
1507 -1.14751362381351
1508 -1.14751362381351
1509 -1.14751362381351
1510 -1.14751362381351
1511 -1.14751362381351
1512 -1.14751362381351
1513 -1.14751362381351
1514 -1.14751362381351
1515 -1.14751362381351
1516 -1.14751362381351
1517 -1.14751362381351
1518 -1.14751362381351
1519 -1.14751362381351
1520 -1.14751362381351
1521 -1.14751362381351
1522 -1.14751362381351
1523 -1.14751362381351
1524 -1.14751362381351
1525 -1.14751362381351
1526 -1.14751362381351
1527 -1.14751362381351
1528 -1.14751362381351
1529 -1.14751362381351
1530 -1.14751362381351
1531 -1.14751362381351
1532 -1.14751362381351
1533 -1.14751362381351
1534 -1.14751362381351
1535 -1.14751362381351
1536 -1.14751362381351
1537 -1.14751362381351
1538 -1.14751362381351
1539 -1.14751362381351
1540 -1.14751362381351
1541 -1.14751362381351
1542 -1.14751362381351
1543 -1.14751362381351
1544 -1.14751362381351
1545 -1.14751362381351
1546 -1.14751362381351
1547 -1.14751362381351
1548 -1.14751362381351
1549 -1.14751362381351
1550 -1.14751362381351
1551 0.0546442919862381
1552 -1.14751362381351
1553 -1.14751362381351
1554 -1.14751362381351
1555 -1.14751362381351
1556 -1.14751362381351
1557 -1.14751362381351
1558 -1.14751362381351
1559 -1.14751362381351
1560 -1.14751362381351
1561 -1.14751362381351
1562 -1.14751362381351
1563 -1.14751362381351
1564 -1.14751362381351
1565 -1.14751362381351
1566 -1.14751362381351
1567 -1.14751362381351
1568 -1.14751362381351
1569 -1.14751362381351
1570 -1.14751362381351
1571 -1.14751362381351
1572 -1.14751362381351
1573 -1.14751362381351
1574 -1.14751362381351
1575 -1.14751362381351
1576 -1.14751362381351
1577 -1.14751362381351
1578 -1.14751362381351
1579 -1.14751362381351
1580 -1.14751362381351
1581 -1.14751362381351
1582 -1.14751362381351
1583 -1.14751362381351
1584 -1.14751362381351
1585 -1.14751362381351
1586 -1.14751362381351
1587 -1.14751362381351
1588 -1.14751362381351
1589 -1.14751362381351
1590 -1.14751362381351
1591 -1.14751362381351
1592 -1.14751362381351
1593 -1.14751362381351
1594 -1.14751362381351
1595 -1.14751362381351
1596 -1.14751362381351
1597 -1.14751362381351
1598 -1.14751362381351
1599 -1.14751362381351
1600 -1.14751362381351
1601 -1.14751362381351
1602 -1.14751362381351
1603 -1.14751362381351
1604 -1.14751362381351
1605 -1.14751362381351
1606 -1.14751362381351
1607 -1.14751362381351
1608 -1.14751362381351
1609 -1.14751362381351
1610 -1.14751362381351
1611 -1.14751362381351
1612 -1.14751362381351
1613 -1.14751362381351
1614 -1.14751362381351
1615 -1.14751362381351
1616 -1.14751362381351
1617 -1.14751362381351
1618 -1.14751362381351
1619 -1.14751362381351
1620 -1.14751362381351
1621 -1.14751362381351
1622 -1.14751362381351
1623 -1.14751362381351
