1 0
2 0
3 0
4 0
5 0
6 0
7 0
8 0
9 0
10 0
11 0
12 0
13 0
14 0
15 0
16 0
17 0
18 0
19 0
20 0
21 0
22 0
23 0
24 0
25 0
26 0
27 0
28 0
29 0
30 0
31 0
32 0
33 0
34 0
35 0
36 0
37 0
38 0
39 0
40 0
41 0
42 0
43 0
44 0
45 0
46 0
47 0
48 0
49 0
50 0
51 0
52 0
53 0
54 0
55 0
56 0
57 0
58 0
59 0
60 0
61 0
62 0
63 0
64 0
65 0
66 0
67 0
68 0
69 0
70 0
71 0
72 0
73 0
74 0
75 0
76 0
77 0
78 0
79 0
80 0
81 0
82 0
83 0
84 0
85 0
86 0
87 0
88 0
89 0
90 0
91 0
92 0
93 0
94 0
95 0
96 0
97 0
98 0
99 0
100 0
101 0
102 0
103 0
104 0
105 0
106 0
107 0
108 0
109 0
110 0
111 0
112 0
113 0
114 0
115 0
116 0
117 0
118 0
119 0
120 0
121 0
122 0
123 0
124 0
125 0
126 0
127 0
128 0
129 0
130 0
131 0
132 0
133 0
134 0
135 0
136 0
137 0
138 0
139 0
140 0
141 0
142 0
143 0
144 0
145 0
146 0
147 0
148 0
149 0
150 0
151 0
152 0
153 0
154 0
155 0
156 0
157 0
158 0
159 0
160 0
161 0
162 0
163 0
164 0
165 0
166 0
167 0
168 0
169 0
170 0
171 0
172 0
173 0
174 0
175 0
176 0
177 0
178 0
179 0
180 0
181 0
182 0
183 0
184 0
185 0
186 0
187 0
188 0
189 0
190 0
191 0
192 0
193 0
194 0
195 0
196 0
197 0
198 0
199 0
200 0
201 0
202 0
203 0
204 0
205 0
206 0
207 0
208 0
209 0
210 0
211 0
212 0
213 0
214 0
215 0
216 0
217 0
218 0
219 0
220 0
221 0
222 0
223 0
224 0
225 0
226 0
227 0
228 0
229 0
230 0
231 0
232 0
233 0
234 0
235 0
236 0
237 0
238 0
239 0
240 0
241 0
242 0
243 0
244 0
245 0
246 0
247 0
248 0
249 0
250 0
251 0
252 0
253 0
254 0
255 0
256 0
257 0
258 0
259 0
260 0
261 0
262 0
263 0
264 0
265 0
266 0
267 0
268 0
269 0
270 0
271 0
272 0
273 0
274 0
275 0
276 0
277 0
278 0
279 0
280 0
281 0
282 0
283 0
284 0
285 0
286 0
287 0
288 0
289 0
290 0
291 0
292 0
293 0
294 0
295 0
296 0
297 0
298 0
299 0
300 0
301 0
302 0
303 0
304 0
305 0
306 0
307 0
308 0
309 0
310 0
311 0
312 0
313 0
314 0
315 0
316 0
317 0
318 0
319 0
320 0
321 0
322 0
323 0
324 0
325 0
326 0
327 0
328 0
329 0
330 0
331 0
332 0
333 0
334 0
335 0
336 0
337 0
338 0
339 0
340 0
341 0
342 0
343 0
344 0
345 0
346 0
347 0
348 0
349 0
350 0
351 0
352 0
353 0
354 0
355 0
356 0
357 0
358 0
359 0
360 0
361 0
362 0
363 0
364 0
365 0
366 0
367 0
368 0
369 0
370 0
371 0
372 0
373 0
374 0
375 0
376 0
377 0
378 0
379 0
380 0
381 0
382 0
383 0
384 0
385 0
386 0
387 0
388 0
389 0
390 0
391 0
392 0
393 0
394 0
395 0
396 0
397 0
398 0
399 0
400 0
401 0
402 0
403 0
404 0
405 0
406 0
407 0
408 0
409 0
410 0
411 0
412 0
413 0
414 0
415 0
416 0
417 0
418 0
419 0
420 0
421 0
422 0
423 0
424 0
425 0
426 0
427 0
428 0
429 0
430 0
431 0
432 0
433 0
434 0
435 0
436 0
437 0
438 0
439 0
440 0
441 0
442 0
443 0
444 0
445 0
446 0
447 0
448 0
449 0
450 0
451 0
452 0
453 0
454 0
455 0
456 0
457 0
458 0
459 0
460 0
461 0
462 0
463 0
464 0
465 0
466 0
467 0
468 0
469 0
470 0
471 0
472 0
473 0
474 0
475 0
476 0
477 0
478 0
479 0
480 0
481 0
482 0
483 0
484 0
485 0
486 0
487 0
488 0
489 0
490 0
491 0
492 0
493 0
494 0
495 0
496 0
497 0
498 0
499 0
500 0
501 0
502 0
503 0
504 0
505 0
506 0
507 0
508 0
509 0
510 0
511 0
512 0
513 0
514 0
515 0
516 0
517 0
518 0
519 0
520 0
521 0
522 0
523 0
524 0
525 0
526 0
527 0
528 0
529 0
530 0
531 0
532 0
533 0
534 0
535 0
536 0
537 0
538 0
539 0
540 0
541 0
542 0
543 0
544 0
545 0
546 0
547 0
548 0
549 0
550 0
551 0
552 0
553 0
554 0
555 0
556 0
557 0
558 0
559 0
560 0
561 0
562 0
563 0
564 0
565 0
566 0
567 0
568 0
569 0
570 0
571 0
572 0
573 0
574 0
575 0
576 0
577 0
578 0
579 0
580 0
581 0
582 0
583 0
584 0
585 0
586 0
587 0
588 0
589 0
590 0
591 0
592 0
593 0
594 0
595 0
596 0
597 0
598 0
599 0
600 0
601 0
602 0
603 0
604 0
605 0
606 0
607 0
608 0
609 0
610 0
611 0
612 0
613 0
614 0
615 0
616 0
617 0
618 0
619 0
620 0
621 0
622 0
623 0
624 0
625 0
626 0
627 0
628 0
629 0
630 0
631 0
632 0
633 0
634 0
635 0
636 0
637 0
638 0
639 0
640 0
641 0
642 0
643 0
644 0
645 0
646 0
647 0
648 0
649 0
650 0
651 0
652 0
653 0
654 0
655 0
656 0
657 0
658 0
659 0
660 0
661 0
662 0
663 0
664 0
665 0
666 0
667 0
668 0
669 0
670 0
671 0
672 0
673 0
674 0
675 0
676 0
677 0
678 0
679 0
680 0
681 0
682 0
683 0
684 0
685 0
686 0
687 0
688 0
689 0
690 0
691 0
692 0
693 0
694 0
695 0
696 0
697 0
698 0
699 0
700 0
701 0
702 0
703 0
704 0
705 0
706 0
707 0
708 0
709 0
710 0
711 0
712 0
713 0
714 0
715 0
716 0
717 0
718 0
719 0
720 0
721 0
722 0
723 0
724 0
725 0
726 0
727 0
728 0
729 0
730 0
731 0
732 0
733 0
734 0
735 0
736 0
737 0
738 0
739 0
740 0
741 0
742 0
743 0
744 0
745 0
746 0
747 0
748 0
749 0
750 0
751 0
752 0
753 0
754 0
755 0
756 0
757 0
758 0
759 0
760 0
761 0
762 0
763 0
764 0
765 0
766 0
767 0
768 0
769 0
770 0
771 0
772 0
773 0
774 0
775 0
776 0
777 0
778 0
779 0
780 0
781 0
782 0
783 0
784 0
785 0
786 0
787 0
788 0
789 0
790 0
791 0
792 0
793 0
794 0
795 0
796 0
797 0
798 0
799 0
800 0
801 0
802 0
803 0
804 0
805 0
806 0
807 0
808 0
809 0
810 0
811 0
812 0
813 0
814 0
815 0
816 0
817 0
818 0
819 0
820 0
821 0
822 0
823 0
824 0
825 0
826 0
827 0
828 0
829 0
830 0
831 0
832 0
833 0
834 0
835 0
836 0
837 0
838 0
839 0
840 0
841 0
842 0
843 0
844 0
845 0
846 0
847 0
848 0
849 0
850 0
851 0
852 0
853 0
854 0
855 0
856 0
857 0
858 0
859 0
860 0
861 0
862 0
863 0
864 0
865 0
866 0
867 0
868 0
869 0
870 0
871 0
872 0
873 0
874 0
875 0
876 0
877 0
878 0
879 0
880 0
881 0
882 0
883 0
884 0
885 0
886 0
887 0
888 0
889 0
890 0
891 0
892 0
893 0
894 0
895 0
896 0
897 0
898 0
899 0
900 0
901 0
902 0
903 0
904 0
905 0
906 0
907 0
908 0
909 0
910 0
911 0
912 0
913 0
914 0
915 0
916 0
917 0
918 0
919 0
920 0
921 0
922 0
923 0
924 0
925 0
926 0
927 0
928 0
929 0
930 0
931 0
932 0
933 0
934 0
935 0
936 0
937 0
938 0
939 0
940 0
941 0
942 0
943 0
944 0
945 0
946 0
947 0
948 0
949 0
950 0
951 0
952 0
953 0
954 0
955 0
956 0
957 0
958 0
959 0
960 0
961 0
962 0
963 0
964 0
965 0
966 0
967 0
968 0
969 0
970 0
971 0
972 0
973 0
974 0
975 0
976 0
977 0
978 0
979 0
980 0
981 0
982 0
983 0
984 0
985 0
986 0
987 0
988 0
989 0
990 0
991 0
992 0
993 0
994 0
995 0
996 0
997 0
998 0
999 0
1000 0
1001 0
1002 0
1003 0
1004 0
1005 0
1006 0
1007 0
1008 0
1009 0
1010 0
1011 0
1012 0
1013 0
1014 0
1015 0
1016 0
1017 0
1018 0
1019 0
1020 0
1021 0
1022 0
1023 0
1024 0
1025 0
1026 0
1027 0
1028 0
1029 0
1030 0
1031 0
1032 0
1033 0
1034 0
1035 0
1036 0
1037 0
1038 0
1039 0
1040 0
1041 0
1042 0
1043 0
1044 0
1045 0
1046 0
1047 0
1048 0
1049 0
1050 0
1051 0
1052 0
1053 0
1054 0
1055 0
1056 0
1057 0
1058 0
1059 0
1060 0
1061 0
1062 0
1063 0
1064 0
1065 0
1066 0
1067 0
1068 0
1069 0
1070 0
1071 0
1072 0
1073 0
1074 0
1075 0
1076 0
1077 0
1078 0
1079 0
1080 0
1081 0
1082 0
1083 0
1084 0
1085 0
1086 0
1087 0
1088 0
1089 0
1090 0
1091 0
1092 0
1093 0
1094 0
1095 0
1096 0
1097 0
1098 0
1099 0
1100 0
1101 0
1102 0
1103 0
1104 0
1105 0
1106 0
1107 0
1108 0
1109 0
1110 0
1111 0
1112 0
1113 0
1114 0
1115 0
1116 0
1117 0
1118 0
1119 0
1120 0
1121 0
1122 0
1123 0
1124 0
1125 0
1126 0
1127 0
1128 0
1129 0
1130 0
1131 0
1132 0
1133 0
1134 0
1135 0
1136 0
1137 0
1138 0
1139 0
1140 0
1141 0
1142 0
1143 0
1144 0
1145 0
1146 0
1147 0
1148 0
1149 0
1150 0
1151 0
1152 0
1153 0
1154 0
1155 0
1156 0
1157 0
1158 0
1159 0
1160 0
1161 0
1162 0
1163 0
1164 0
1165 0
1166 0
1167 0
1168 0
1169 0
1170 0
1171 0
1172 0
1173 0
1174 0
1175 0
1176 0
1177 0
1178 0
1179 0
1180 0
1181 0
1182 0
1183 0
1184 0
1185 0
1186 0
1187 0
1188 0
1189 0
1190 0
1191 0
1192 0
1193 0
1194 0
1195 0
1196 0
1197 0
1198 0
1199 0
1200 0
1201 0
1202 0
1203 0
1204 0
1205 0
1206 0
1207 0
1208 0
1209 0
1210 0
1211 0
1212 0
1213 0
1214 0
1215 0
1216 0
1217 0
1218 0
1219 0
1220 0
1221 0
1222 0
1223 0
1224 0
1225 0
1226 0
1227 0
1228 0
1229 0
1230 0
1231 0
1232 0
1233 0
1234 0
1235 0
1236 0
1237 0
1238 0
1239 0
1240 0
1241 0
1242 0
1243 0
1244 0
1245 0
1246 0
1247 0
1248 0
1249 0
1250 0
1251 0
1252 0
1253 0
1254 0
1255 0
1256 0
1257 0
1258 0
1259 0
1260 0
1261 0
1262 0
1263 0
1264 0
1265 0
1266 0
1267 0
1268 0
1269 0
1270 0
1271 0
1272 0
1273 0
1274 0
1275 0
1276 0
1277 0
1278 0
1279 0
1280 0
1281 0
1282 0
1283 0
1284 0
1285 0
1286 0
1287 0
1288 0
1289 0
1290 0
1291 0
1292 0
1293 0
1294 0
1295 0
1296 0
1297 0
1298 0
1299 0
1300 0
1301 0
1302 0
1303 0
1304 0
1305 0
1306 0
1307 0
1308 0
1309 0
1310 0
1311 0
1312 0
1313 0
1314 0
1315 0
1316 0
1317 0
1318 0
1319 0
1320 0
1321 0
1322 0
1323 0
1324 0
1325 0
1326 0
1327 0
1328 0
1329 0
1330 0
1331 0
1332 0
1333 0
1334 0
1335 0
1336 0
1337 0
1338 0
1339 0
1340 0
1341 0
1342 0
1343 0
1344 0
1345 0
1346 0
1347 0
1348 0
1349 0
1350 0
1351 0
1352 0
1353 0
1354 0
1355 0
1356 0
1357 0
1358 0
1359 0
1360 0
1361 0
1362 0
1363 0
1364 0
1365 0
1366 0
1367 0
1368 0
1369 0
1370 0
1371 0
1372 0
1373 0
1374 0
1375 0
1376 0
1377 0
1378 0
1379 0
1380 0
1381 0
1382 0
1383 0
1384 0
1385 0
1386 0
1387 0
1388 0
1389 0
1390 0
1391 0
1392 0
1393 0
1394 0
1395 0
1396 0
1397 0
1398 0
1399 0
1400 0
1401 0
1402 0
1403 0
1404 0
1405 0
1406 0
1407 0
1408 0
1409 0
1410 0
1411 0
1412 0
1413 0
1414 0
1415 0
1416 0
1417 0
1418 0
1419 0
1420 0
1421 0
1422 0
1423 0
1424 0
1425 0
1426 0
1427 0
1428 0
1429 0
1430 0
1431 0
1432 0
1433 0
1434 0
1435 0
1436 0
1437 0
1438 0
1439 0
1440 0
1441 0
1442 0
1443 0
1444 0
1445 0
1446 0
1447 0
1448 0
1449 0
1450 0
1451 0
1452 0
1453 0
1454 0
1455 0
1456 0
1457 0
1458 0
1459 0
1460 0
1461 0
1462 0
1463 0
1464 0
1465 0
1466 0
1467 0
1468 0
1469 0
1470 0
1471 0
1472 0
1473 0
1474 0
1475 0
1476 0
1477 0
1478 0
1479 0
1480 0
1481 0
1482 0
1483 0
1484 0
1485 0
1486 0
1487 0
1488 0
1489 0
1490 0
1491 0
1492 0
1493 0
1494 0
1495 0
1496 0
1497 0
1498 0
1499 0
1500 0
1501 0
1502 0
1503 0
1504 0
1505 0
1506 0
1507 0
1508 0
1509 0
1510 0
1511 0
1512 0
1513 0
1514 0
1515 0
1516 0
1517 0
1518 0
1519 0
1520 0
1521 0
1522 0
1523 0
1524 0
1525 0
1526 0
1527 0
1528 0
1529 0
1530 0
1531 0
1532 0
1533 0
1534 0
1535 0
1536 0
1537 0
1538 0
1539 0
1540 0
1541 0
1542 0
1543 0
1544 0
1545 0
1546 0
1547 0
1548 0
1549 0
1550 0
1551 0
1552 0
1553 0
1554 0
1555 0
1556 0
1557 0
1558 0
1559 0
1560 0
1561 0
1562 0
1563 0
1564 0
1565 0
1566 0
1567 0
1568 0
1569 0
1570 0
1571 0
1572 0
1573 0
1574 0
1575 0
1576 0
1577 0
1578 0
1579 0
1580 0
1581 0
1582 0
1583 0
1584 0
1585 0
1586 0
1587 0
1588 0
1589 0
1590 0
1591 0
1592 0
1593 0
1594 0
1595 0
1596 0
1597 0
1598 0
1599 0
1600 0
1601 0
1602 0
1603 0
1604 0
1605 0
1606 0
1607 0
1608 0
1609 0
1610 0
1611 0
1612 0
1613 0
1614 0
1615 0
1616 0
1617 0
1618 0
1619 0
1620 0
1621 0
1622 0
1623 0
1624 0
1625 0
1626 0
1627 0
1628 0
1629 0
1630 0
1631 0
1632 0
1633 0
1634 0
1635 0
1636 0
1637 0
1638 0
1639 0
1640 0
1641 0
1642 0
1643 0
1644 0
1645 0
1646 0
1647 0
1648 0
1649 0
1650 0
1651 0
1652 0
1653 0
1654 0
1655 0
1656 0
1657 0
1658 0
1659 0
1660 0
1661 0
1662 0
1663 0
1664 0
1665 0
1666 0
1667 0
1668 0
1669 0
1670 0
1671 0
1672 0
1673 0
1674 0
1675 0
1676 0
1677 0
1678 0
1679 0
1680 0
1681 0
1682 0
1683 0
1684 0
1685 0
1686 0
1687 0
1688 0
1689 0
1690 0
1691 0
1692 0
1693 0
1694 0
1695 0
1696 0
1697 0
1698 0
1699 0
1700 0
1701 0
1702 0
1703 0
1704 0
1705 0
1706 0
1707 0
1708 0
1709 0
1710 0
1711 0
1712 0
1713 0
1714 0
1715 0
1716 0
1717 0
1718 0
1719 0
1720 0
1721 0
1722 0
1723 0
1724 0
1725 0
1726 0
1727 0
1728 0
1729 0
1730 0
1731 0
1732 0
1733 0
1734 0
1735 0
1736 0
1737 0
1738 0
1739 0
1740 0
1741 0
1742 0
1743 0
1744 0
1745 0
1746 0
1747 0
1748 0
1749 0
1750 0
1751 0
1752 0
1753 0
1754 0
1755 0
1756 0
1757 0
1758 0
1759 0
1760 0
1761 0
1762 0
1763 0
1764 0
1765 0
1766 0
1767 0
1768 0
1769 0
1770 0
1771 0
1772 0
1773 0
1774 0
1775 0
1776 0
1777 0
1778 0
1779 0
1780 0
1781 0
1782 0
1783 0
1784 0
1785 0
1786 0
1787 0
1788 0
1789 0
1790 0
1791 0
1792 0
1793 0
1794 0
1795 0
1796 0
1797 0
1798 0
1799 0
1800 0
1801 0
1802 0
1803 0
1804 0
1805 0
1806 0
1807 0
1808 0
1809 0
1810 0
1811 0
1812 0
1813 0
1814 0
1815 0
1816 0
1817 0
1818 0
1819 0
1820 0
1821 0
1822 0
1823 0
1824 0
1825 0
1826 0
1827 0
1828 0
1829 0
1830 0
1831 0
1832 0
1833 0
1834 0
1835 0
1836 0
1837 0
1838 0
1839 0
1840 0
1841 0
1842 0
1843 0
1844 0
1845 0
1846 0
1847 0
1848 0
1849 0
1850 0
1851 0
1852 0
1853 0
1854 0
1855 0
1856 0
1857 0
1858 0
1859 0
1860 0
1861 0
1862 0
1863 0
1864 0
1865 0
1866 0
1867 0
1868 0
1869 0
1870 0
1871 0
1872 0
1873 0
1874 0
1875 0
1876 0
1877 0
1878 0
1879 0
1880 0
1881 0
1882 0
1883 0
1884 0
1885 0
1886 0
1887 0
1888 0
1889 0
1890 0
1891 0
1892 0
1893 0
1894 0
1895 0
1896 0
1897 0
1898 0
1899 0
1900 0
1901 0
1902 0
1903 0
1904 0
1905 0
1906 0
1907 0
1908 0
1909 0
1910 0
1911 0
1912 0
1913 0
1914 0
1915 0
1916 0
1917 0
1918 0
1919 0
1920 0
1921 0
1922 0
1923 0
1924 0
1925 0
1926 0
1927 0
1928 0
1929 0
1930 0
1931 0
1932 0
1933 0
1934 0
1935 0
1936 0
1937 0
1938 0
1939 0
1940 0
1941 0
1942 0
1943 0
1944 0
1945 0
1946 0
1947 0
1948 0
1949 0
1950 0
1951 0
1952 0
1953 0
1954 0
1955 0
1956 0
1957 0
1958 0
1959 0
1960 0
1961 0
1962 0
1963 0
1964 0
1965 0
1966 0
1967 0
1968 0
1969 0
1970 0
1971 0
1972 0
1973 0
1974 0
1975 0
1976 0
1977 0
1978 0
1979 0
1980 0
1981 0
1982 0
1983 0
1984 0
1985 0
1986 0
1987 0
1988 0
1989 0
1990 0
1991 0
1992 0
1993 0
1994 0
1995 0
1996 0
1997 0
1998 0
1999 0
2000 0
2001 0
2002 0
2003 0
2004 0
2005 0
2006 0
2007 0
2008 0
2009 0
2010 0
2011 0
2012 0
2013 0
2014 0
2015 0
2016 0
2017 0
2018 0
2019 0
2020 0
2021 0
2022 0
2023 0
2024 0
2025 0
2026 0
2027 0
2028 0
2029 0
2030 0
2031 0
2032 0
2033 0
2034 0
2035 0
2036 0
2037 0
2038 0
2039 0
2040 0
2041 0
2042 0
2043 0
2044 0
2045 0
2046 0
2047 0
2048 0
2049 0
2050 0
2051 0
2052 0
2053 0
2054 0
2055 0
2056 0
2057 0
2058 0
2059 0
2060 0
2061 0
2062 0
2063 0
2064 0
2065 -4.84907312961639
2066 0.726315301081269
2067 -5.38000395831477
2068 1.55863895195786
2069 -3.93925401919087
2070 -5.65993467411156
2071 -4.60354921641291
2072 -5.72215642922915
2073 -3.62628290486407
2074 -1.10697892860077
2075 -5.2678834240989
2076 -2.8194185030753
2077 -2.38557765254076
2078 -4.62457181719898
2079 -4.599547916158
2080 -4.62608565993702
2081 -2.8032401165609
2082 -5.24274290460304
2083 -5.01607440713689
2084 -3.93466230900902
2085 -3.8274001245214
2086 -5.11329184143694
2087 -5.60196311489383
2088 -3.01057868360627
2089 -5.91599556875437
2090 -1.1906012670366
2091 -4.9410540120889
2092 2.99690968991419
2093 -3.85724162717872
2094 -2.13836964935545
2095 -3.14121878795558
2096 -4.02141758242171
2097 -3.9975195591615
2098 -1.03725295407348
2099 -2.3833814591331
2100 -1.83311056107505
2101 -5.47111899952225
2102 -4.45238710932838
2103 -5.76034865347453
2104 -2.68582917250644
2105 -5.68284485857428
2106 -4.35738441010565
2107 -4.86208648744022
2108 -3.56958774812608
2109 -2.36669620173009
2110 -3.21388735149645
2111 -4.62439729567301
2112 0
2113 -3.42686156513832
2114 5.24859808227544
2115 -4.90795463896898
2116 -2.19703065874631
2117 -5.25344313643398
2118 -5.91647311832136
2119 -5.82164812177278
2120 -5.27838030198282
2121 -5.91078441718029
2122 -5.76701943415572
2123 -1.3847878310011
2124 -2.88620513810866
2125 -5.71520464723771
2126 -5.85756595785957
2127 -2.43547126937513
2128 -4.74417703837956
2129 -4.34208357857502
2130 -5.1436689437613
2131 -4.05334847624236
2132 -1.4066981824966
2133 -1.68769107857443
2134 -4.77505101773718
2135 -1.45073768721629
2136 -4.46259232877749
2137 -5.22206000660888
2138 -3.95208909544934
2139 -5.58184820229862
2140 -5.26045144878003
2141 -5.39563012344095
2142 -1.80785383303841
2143 -5.28244772734251
2144 -4.7517795925765
2145 -3.64227326451379
2146 -5.412861541821
2147 -2.90975537693501
2148 -1.75544210062893
2149 -5.56427693827947
2150 -5.42507558722741
2151 -1.45807250139987
2152 -4.77343499608012
2153 -3.46454882542088
2154 -1.58850480928589
2155 -2.56824854717166
2156 -1.46615309501599
2157 -5.49341669757701
2158 -4.83004334327511
2159 -5.81579956528873
2160 -4.97846192719025
2161 -1.23001075612384
2162 -5.43022341842286
2163 -4.03077661420091
2164 -2.88620513810866
2165 -4.98714426849859
2166 -5.39677532444593
2167 -3.69653190123398
2168 -4.03418505397126
2169 -5.54350892335602
2170 -4.17715839917479
2171 -3.92624104423372
2172 -3.83702578875289
2173 -4.99391790225471
2174 -2.41871978500638
2175 -3.32557797624536
2176 -3.24142005212286
2177 -4.00831773198499
2178 -2.94152914596726
2179 -3.38390831933681
2180 -4.45122409737475
2181 2.12985337504734
2182 -3.14010210774873
2183 -5.81070026008312
2184 0
2185 -3.34942661016052
2186 -5.70011173195063
2187 -5.09648293924265
2188 -3.95001853655049
2189 -5.57773922323555
2190 -4.72692810700847
2191 -3.87144776534454
2192 -2.29848140709948
2193 -0.631963057594452
2194 -5.61953827460298
2195 -2.85204683558374
2196 -5.25518091992305
2197 -2.53119921032423
2198 -4.25267514709535
2199 -5.67080208059338
2200 -3.8174557984489
2201 -1.39396962448572
2202 -1.63503543065681
2203 -0.702875831572414
2204 -3.93472939370021
2205 -0.58351835332538
2206 -5.72248625194199
2207 -5.90105526502354
2208 -0.133214582012518
2209 -4.83997333830013
2210 -4.5778289197094
2211 -2.8436734780826
2212 -4.83274663100792
2213 -3.26144395768711
2214 -2.96174206683125
2215 -5.11973536230348
2216 -4.70969046405109
2217 -0.0521005042500185
2218 -3.95208909544934
2219 -5.68488764519682
2220 -2.52293435719208
2221 -3.32557797624536
2222 -3.76150533984685
2223 -4.86278236504456
2224 -5.34668504577592
2225 -5.71520464723771
2226 -5.85747522279194
2227 -4.57834625378362
2228 -3.70078068585974
2229 -5.62152215887855
2230 -5.6499880593141
2231 -3.33582728236478
2232 -4.84907312961639
2233 -4.98618064139074
2234 0
2235 -4.33621363273656
2236 -0.757514960511603
2237 -4.88846702026715
2238 -4.70598774689326
2239 -5.6199177847493
2240 -2.41701907282034
2241 -4.18845380711519
2242 -3.91217955705235
2243 -2.58705810615828
2244 -3.02304741948658
2245 -4.77836694838036
2246 -3.45900782482988
2247 -5.6911350242149
2248 -3.33716028795814
2249 2.22264621981402
2250 -2.51078463553025
2251 -2.57227718885734
2252 -3.73651895820591
2253 3.86736684848003
2254 -4.33881512700224
2255 -4.76091732981327
2256 -5.56822444952994
2257 -1.4019984107583
2258 -2.92849229678056
2259 -5.84891784173224
2260 -4.60912407746677
2261 -2.06992639214602
2262 -2.86809321036087
2263 -1.86978498214437
2264 -4.72692810700847
2265 3.84687209108448
2266 -5.34520320732761
2267 -3.90357533237466
2268 -4.20322993027802
2269 -5.61583435265491
2270 -4.49292529520021
2271 -5.04373637854804
2272 -5.82072240615726
2273 -5.44484017421552
2274 -2.61421921784934
2275 -3.83119638440087
2276 -5.10933026281373
2277 -0.0838022947646557
2278 -3.50876790466546
2279 -2.40922306311782
2280 -4.11314317598741
2281 -2.46172217281293
2282 -1.18546501377084
2283 -5.87088059805944
2284 -3.67978452530507
2285 -2.52854844885653
2286 -3.88265257609397
2287 -5.6732301293463
2288 -4.44105827018904
2289 -5.69637300649916
2290 -4.19236684037222
2291 -4.6210543552034
2292 -3.17466154691269
2293 -5.05671816936583
2294 -1.47032356149253
2295 -2.05413560359639
2296 -4.13033040755245
2297 -2.27259044612969
2298 -1.94276790818605
2299 -4.01533797310945
2300 -5.24189421555191
2301 -5.26649928549227
2302 -5.06391101870655
2303 -2.7593851601618
2304 2.93981000832193
2305 -4.43991892266465
2306 -4.3212736946728
2307 -5.47856367445792
2308 -5.82931071873215
2309 -3.3030361925834
2310 -5.64844106035443
2311 -5.22596095389864
2312 -5.66467815119476
2313 -4.27026037672085
2314 -3.92730714111499
2315 -1.37009307934141
2316 -5.34124715632382
2317 -5.09289489525819
2318 -4.84592385425506
2319 -2.39528433546277
2320 -4.26733251453763
2321 -4.8502431089745
2322 -3.00936898415866
2323 -3.79051904261113
2324 -3.42148305557459
2325 -5.40995920794132
2326 -4.17814967167377
2327 -5.80686428903834
2328 -5.62338772928902
2329 0.879166374150722
2330 -2.43556534896707
2331 -5.30259266531519
2332 -5.72457082885689
2333 -4.14446443475163
2334 -2.53499866192963
2335 -5.14920060243773
2336 1.08478831945501
2337 -5.06888979106514
2338 -5.53487452705662
2339 -5.83648496756824
2340 -4.14196753740663
2341 -2.88620513810866
2342 -5.20452718510996
2343 -3.9808639952965
2344 -3.29763422211032
2345 -3.11193546608946
2346 -4.60582800575645
2347 -5.490761516119
2348 -3.0277733861098
2349 -4.45311611998579
2350 -3.36839942179578
2351 -2.70541178065145
2352 -4.20172198607574
2353 -1.94774455534119
2354 -4.2822164990268
2355 -2.8436734780826
2356 -0.548226322822446
2357 -5.03240460306339
2358 -3.07966262762826
2359 -5.58846057906452
2360 -3.76150533984685
2361 -4.7090411509824
2362 -4.99542702029323
2363 -5.23018268138729
2364 -4.49496121020259
2365 -2.94809927043191
2366 -5.67160252947186
2367 -5.89706997306873
2368 -5.09086367616804
2369 -3.76150533984685
2370 -5.08830756400438
2371 -0.9062535993932
2372 -4.91686835152447
2373 -4.63925703393853
2374 -3.76150533984685
2375 -4.01823831682758
2376 -0.9062535993932
2377 -5.80218546040434
2378 -4.64619603698137
2379 -5.90653057784702
2380 -4.24919308000309
2381 -3.76150533984685
2382 -0.9062535993932
2383 -5.86173658930719
2384 -4.12789144954346
2385 -4.5297867320121
2386 -3.50734667437082
2387 -3.993097976663
2388 -4.2822164990268
2389 -5.51835053499163
2390 -1.94774455534119
2391 -5.82631294475267
2392 -4.85510049865889
2393 -0.472421262675271
2394 -2.53119921032423
2395 -4.23522828179407
2396 -2.05543970525293
2397 -5.12259433868092
2398 -5.88466521717563
2399 -0.504526811543075
2400 -3.03569057086711
2401 -4.80919225239214
2402 -5.22415735019205
2403 -2.93920841608593
2404 -4.24919308000309
2405 -2.56419301421766
2406 -3.22645205665203
2407 -5.72657553104878
2408 -3.96506281412789
2409 -5.50501662920359
2410 -5.18931571094604
2411 -4.58581850351554
2412 -5.29468767268062
2413 8.22650573678914
2414 -1.21032891301223
2415 -5.21368402390137
2416 -5.54635536465715
2417 -5.62294926020103
2418 -3.33663940955353
2419 -4.71582591574494
2420 -5.69877119439338
2421 -5.32777770058527
2422 -5.66994753240022
2423 -0.589062520821733
2424 -5.74451460701324
2425 -4.72268632545387
2426 -2.8436734780826
2427 -5.12338497346887
2428 -5.89838034888992
2429 -1.45073768721629
2430 -3.56745386340913
2431 -4.74417703837956
2432 -1.03292392400502
2433 -2.84070144231995
2434 -2.43547126937513
2435 -5.39799663450676
2436 -4.29123769776401
2437 -4.46015520472882
2438 -5.63510816774283
2439 -3.5193418969972
2440 -4.29418911975525
2441 -4.69837076075574
2442 -2.62266468701784
2443 -4.90795463896898
2444 -5.27838030198282
2445 -4.10913249656564
2446 -4.89256837806762
2447 -2.87633958178673
2448 1.44328090015177
2449 -5.49373030017174
2450 -4.89402249977828
2451 -5.00943575660932
2452 -5.20007186720848
2453 -4.77995676435059
2454 -5.81245146696546
2455 -3.3105159544261
2456 -4.69270352286918
2457 -1.94774455534119
2458 -1.97071542000641
2459 -0.530006496828203
2460 -2.18816006590869
2461 -5.70553647776058
2462 -0.0376124190505731
2463 -5.5873707789317
2464 1.08162657043211
2465 -4.9538096042146
2466 -5.63808033890418
2467 3.15202518495594
2468 -5.09878123340236
2469 -3.83009156023212
2470 0.0368724892078113
2471 -2.31289832539009
2472 -4.82095024796392
2473 -3.63462557563299
2474 -5.56197041307083
2475 -3.75670620347465
2476 -1.97071542000641
2477 -4.3747201739015
2478 -5.72684661108672
2479 -4.73936424466477
2480 -5.51555171708287
2481 -2.86821983888796
2482 -5.32371780026159
2483 -4.12848413596312
2484 -3.64091941001966
2485 -3.83446624675214
2486 -2.73689747847146
2487 -3.3720687090784
2488 -5.44810978686642
2489 -4.55864331541855
2490 -4.81573205437379
2491 -5.11736779511661
2492 -5.81176005496324
2493 -5.1534670887686
2494 -4.43709235334224
2495 -4.69639499030101
2496 -0.9062535993932
2497 -5.51873506406747
2498 -4.05731860340832
2499 -3.56745386340913
2500 -4.19343702107616
2501 -5.71018401389038
2502 -3.74953465612771
2503 -0.340335348141898
2504 -5.1731218109741
2505 -2.48194330490321
2506 -1.75835670239369
2507 -5.3806110846143
2508 -3.31480082425914
2509 -3.21631318317308
2510 -4.36303961591326
2511 -4.52831525581005
2512 -5.40995920794132
2513 -4.31036442423227
2514 -4.89951198922904
2515 -4.16616176682942
2516 -1.92412195413083
2517 -4.17715839917479
2518 -5.38846498898408
2519 -4.16616176682942
2520 -1.25370319449846
2521 -3.73651895820591
2522 -2.58705810615828
2523 1.53839684393601
2524 -4.89597297731593
2525 -2.43035420626572
2526 -0.856136202430431
2527 -4.53077341375252
2528 -5.85780894557639
2529 -2.56398461876358
2530 -4.61589263930025
2531 -4.79738311628897
2532 -4.74540757196386
2533 -2.53119921032423
2534 -2.23041953568212
2535 -3.56718921985146
2536 -4.86714860039173
2537 -1.85070897107436
2538 -2.81585360476273
2539 -1.25308469756564
2540 -3.93666484959606
2541 -5.51713625250825
2542 -5.65739519856538
2543 -3.71118209287227
2544 -5.76237386224883
2545 -2.56398461876358
2546 -1.74560940497177
2547 -4.51297173407807
2548 -3.62788984274263
2549 -0.0838022947646557
2550 -5.17760287972426
2551 -4.44105827018904
2552 -2.99829498049974
2553 -4.69837076075574
2554 -5.80464816492777
2555 -0.133214582012518
2556 -3.10939536801693
2557 -2.56419301421766
2558 -1.97071542000641
2559 -3.21639040446238
2560 -4.80495345880572
2561 -5.60931983002506
2562 -5.34866231874994
2563 -3.90853749360283
2564 -3.74647189548066
2565 -4.35364165333931
2566 -0.520327035925145
2567 -5.20007186720848
2568 -5.1310417805213
2569 -4.69270352286918
2570 -3.81174026850817
2571 -0.398779236140985
2572 -4.2822164990268
2573 -4.08892260576281
2574 -2.99410163851038
2575 -0.263839140263066
2576 0
2577 -3.19060547000141
2578 -5.81070026008312
2579 -5.41624422701723
2580 -0.133214582012518
2581 -5.34739319703592
2582 -3.52614828831785
2583 -0.75484145172092
2584 -2.05769346894342
2585 -1.68011395672324
2586 -5.5083964852726
2587 -3.6218745568258
2588 -4.89904054109913
2589 -1.86978498214437
2590 -4.78609060851827
2591 -5.27878875692898
2592 -5.50772221212012
2593 -2.12493976957143
2594 -5.66398859367083
2595 -4.39804918519809
2596 -3.30166853553605
2597 -4.86714860039173
2598 -2.93920841608593
2599 -1.25370319449846
2600 -3.64369781800471
2601 -5.72684661108672
2602 -5.89136495262253
2603 3.86736684848003
2604 -3.4629588774345
2605 -5.2717187967364
2606 -4.16616176682942
2607 -5.35428357508357
2608 -5.54635536465715
2609 0
2610 -5.46711451102537
2611 -3.62628290486407
2612 -5.24972200627082
2613 -4.16616176682942
2614 -4.30131247767848
2615 -4.99391790225471
2616 -1.97071542000641
2617 -5.55981197875183
2618 -4.16616176682942
2619 0
2620 -3.96046741929558
2621 -2.33315090190073
2622 -1.97071542000641
2623 -2.60677563632347
2624 -5.50141351393698
2625 -5.03056863568068
2626 -3.08337852088359
2627 -3.5256227029899
2628 -4.15028173928127
2629 -2.00151542981746
2630 -5.5526214501926
2631 -4.65870065663968
2632 -4.35364165333931
2633 -5.29895723975048
2634 -1.94240779353784
2635 -4.71724743721293
2636 -4.89759657341313
2637 -5.09341656650037
2638 -1.60669207559088
2639 -5.24972200627082
2640 -4.83509036854653
2641 -5.29468767268062
2642 -5.54635536465715
2643 -3.81830824572663
2644 -5.72215642922915
2645 -4.60354921641291
2646 -5.55287437630514
2647 -3.85993881606987
2648 -3.84312467923021
2649 0
2650 0
2651 -5.02665592865836
2652 -5.25407564376774
2653 -4.85569987877979
2654 -2.77978069439972
2655 -5.62101269588338
2656 -2.53119921032423
2657 0
2658 -4.99391790225471
2659 -4.80465033918341
2660 -1.94276790818605
2661 2.20534193031999
2662 -4.23579129507396
2663 -4.06441980613686
2664 -2.86179921346203
2665 -3.21988584877643
2666 -5.31982264602577
2667 1.53839684393601
2668 -3.1310619629841
2669 -4.77810559309593
2670 -5.76237386224883
2671 -0.9062535993932
2672 -5.64315364499478
2673 -4.98479609031644
2674 -3.99207277782732
2675 -4.79651376775276
2676 -2.06590845712146
2677 -2.52451080745134
2678 -1.94774455534119
2679 -5.46711451102537
2680 -5.23975240645886
2681 -5.24527447968368
2682 -5.68488764519682
2683 -4.16616176682942
2684 -5.1534670887686
2685 -1.55630787125133
2686 -1.95504564052338
2687 -2.12493976957143
2688 -5.86700038628822
2689 -4.04058150544021
2690 -3.76150533984685
2691 -2.54546055184621
2692 -3.70078068585974
2693 -1.94240779353784
2694 -5.24527447968368
2695 -4.35364165333931
2696 -5.5526214501926
2697 -4.4062958514257
2698 -2.0009639981264
2699 -1.25370319449846
2700 0
2701 -1.0841331665044
2702 -5.64141360111751
2703 -3.5621262067333
2704 -5.10307842016501
2705 -3.0604183219302
2706 -2.34019334710922
2707 -4.55251602867377
2708 -5.78483634937632
2709 -5.63510816774283
2710 -3.24753455524725
2711 0.738746975476641
2712 -0.472421262675271
2713 -4.23522828179407
2714 -4.12589687629985
2715 -2.93539961168544
2716 -3.5951238904236
2717 -3.96046741929558
2718 -2.93920841608593
2719 -4.24919308000309
2720 -3.7517180237857
2721 -0.548226322822446
2722 -4.24919308000309
2723 -2.85647660081856
2724 -2.92849229678056
2725 -1.25370319449846
2726 -5.71520464723771
2727 -5.35428357508357
2728 -5.61819403647745
2729 -5.08830756400438
2730 -5.09341656650037
2731 -5.69967702573737
2732 -5.72215642922915
2733 -4.60354921641291
2734 -1.94240779353784
2735 -5.5526214501926
2736 -4.35364165333931
2737 -5.16612841689395
2738 -4.44105827018904
2739 -0.548226322822446
2740 -1.97071542000641
2741 -4.78609060851827
2742 15.4347295042739
2743 -5.4424329381655
2744 -3.10869002314556
2745 -0.258723980176159
2746 15.4347295042739
2747 -4.01823831682758
2748 -2.86821983888796
2749 -5.5526214501926
2750 -1.94240779353784
2751 -2.8436734780826
2752 -0.548226322822446
2753 3.5656610181213
2754 3.68141071437037
2755 -4.6912528856978
2756 -4.35364165333931
2757 -4.09186069938674
2758 -2.86809321036087
2759 -3.31480082425914
2760 -5.46711451102537
2761 -3.56745386340913
2762 -4.70263563350103
2763 -5.89952098569859
2764 -1.12980108749203
2765 -4.99391790225471
2766 -2.41767441622549
2767 -2.93400159249163
2768 -2.8436734780826
2769 -0.9062535993932
2770 -5.08830756400438
2771 -5.70287866298177
2772 -2.0009639981264
2773 -0.340335348141898
2774 -5.7798113393976
2775 -5.5873707789317
2776 -5.42986879133489
2777 -4.04188758791175
2778 -0.546889153909433
2779 -4.76783244755016
2780 -2.12493976957143
2781 -5.67826917869218
2782 -3.81174026850817
2783 -1.97071542000641
2784 -5.58169293855467
2785 -5.46268172799623
2786 -5.24527447968368
2787 -4.35364165333931
2788 -5.5526214501926
2789 -2.53119921032423
2790 -4.60581615996506
2791 -1.94774455534119
2792 -0.154452828319653
2793 -1.94240779353784
2794 -5.5526214501926
2795 -5.71520464723771
2796 -2.93920841608593
2797 -2.12493976957143
2798 -5.08830756400438
2799 -5.72945476026154
2800 -5.71520464723771
2801 -2.53119921032423
2802 -4.99391790225471
2803 -4.24919308000309
2804 -4.99391790225471
2805 -4.61847210473181
2806 -2.93920841608593
2807 -1.56340788190618
2808 -4.92797294446724
2809 -4.15028173928127
2810 -3.84312467923021
2811 -5.64320250778679
2812 0
2813 -4.72692810700847
2814 -3.06421709335273
2815 -5.11031910056957
2816 -1.56340788190618
2817 -2.71722646865288
2818 1.44328090015177
2819 -3.26144395768711
2820 -2.41767441622549
2821 -5.29091901759587
2822 -4.27026037672085
2823 -2.41767441622549
2824 -5.68713621047368
2825 -2.93539961168544
2826 -5.71520464723771
2827 -5.3321900066758
2828 -5.02936293500705
2829 -2.93920841608593
2830 -5.4424329381655
2831 -5.27838030198282
2832 -0.548226322822446
2833 -2.86641880360556
2834 -5.3321900066758
2835 -2.16643623529355
2836 -5.03502721172043
2837 -5.46283411516238
2838 -2.72980789923088
2839 -1.94774455534119
2840 -3.97390158927144
2841 -5.78094429664085
2842 -5.26033545030067
2843 -5.56305104508912
2844 -5.46268172799623
2845 -5.30422795956125
2846 -4.33085119722215
2847 -2.41767441622549
2848 -0.472421262675271
2849 -3.06908421446619
2850 -1.81663789207729
2851 -2.48194330490321
2852 -2.58720620410666
2853 -4.96763936300456
2854 -5.71578081005642
2855 -3.57994606302478
2856 -4.99391790225471
2857 -1.92412195413083
2858 -2.8436734780826
2859 -5.34866231874994
2860 -3.96506281412789
2861 -5.24527447968368
2862 -4.35364165333931
2863 -1.74560940497177
2864 -4.86788446993437
2865 -2.93539961168544
2866 -3.5951238904236
2867 -5.03502721172043
2868 -5.33144613801628
2869 -4.99981394344427
2870 -5.34866231874994
2871 -0.170645435146043
2872 -4.36937338163885
2873 -4.70263563350103
2874 -5.81672805210892
2875 -1.48294260056782
2876 -3.64850715787667
2877 -5.67881529734907
2878 -0.690519131777839
2879 -2.93920841608593
2880 -4.04058150544021
2881 -5.6581091543348
2882 -2.75302610529529
2883 -5.67881529734907
2884 -5.44952655046279
2885 -0.690519131777839
2886 -4.79841612390813
2887 -4.70263563350103
2888 -4.04544630469211
2889 -4.27634306432973
2890 -0.193618868023333
2891 -3.93991917284396
2892 -3.58027902007638
2893 -2.76880393535474
2894 -5.44952655046279
2895 -3.74647189548066
2896 -5.49230542257959
2897 -5.58169293855467
2898 -5.66563566599314
2899 -1.94774455534119
2900 -3.10869002314556
2901 -4.77126789492532
2902 -2.76343993815223
2903 -1.94276790818605
2904 -4.36307413510928
2905 -5.66398859367083
2906 -2.93920841608593
2907 -1.25370319449846
2908 -5.08830756400438
2909 1.55863895195786
2910 -4.61847210473181
2911 -4.11471075658823
2912 -0.548226322822446
2913 -4.73550124969795
2914 -5.34866231874994
2915 -5.34866231874994
2916 -5.5526214501926
2917 -5.34866231874994
2918 -3.73651895820591
2919 -2.58705810615828
2920 -3.70806226256352
2921 -4.27026037672085
2922 -3.73651895820591
2923 -2.58705810615828
2924 -5.24527447968368
2925 -5.77461576111785
2926 -3.32557797624536
2927 -5.69514829171408
2928 -4.74177498559014
2929 -1.25370319449846
2930 0
2931 -4.61847210473181
2932 -3.77871040984695
2933 -5.31681659533001
2934 -5.21368402390137
2935 -0.855280549775182
2936 -5.83652044476308
2937 -3.36526893901474
2938 -5.46268172799623
2939 -5.24527447968368
2940 -5.5526214501926
2941 -5.89238020526224
2942 -3.77871040984695
2943 -5.78094429664085
2944 -4.99391790225471
2945 -5.46711451102537
2946 3.00204651410088
2947 -1.68011395672324
2948 -5.14506210308591
2949 -2.62967554556342
2950 -2.40922306311782
2951 -4.29465384858505
2952 -0.856976268515568
2953 0
2954 -1.41066301776491
2955 -4.04961640284569
2956 -4.01823831682758
2957 -3.92560980893293
2958 -5.6018869722189
2959 -5.55981197875183
2960 -0.546889153909433
2961 -4.04188758791175
2962 -4.99391790225471
2963 -3.73651895820591
2964 -2.58705810615828
2965 -4.01823831682758
2966 -2.12493976957143
2967 -0.548226322822446
2968 -5.1780314710778
2969 -5.64445598238326
2970 -4.99391790225471
2971 -1.25370319449846
2972 -2.51078463553025
2973 -1.94774455534119
2974 -5.46711451102537
2975 -3.56745386340913
2976 -5.68556189918408
2977 -1.86425999062971
2978 -4.99391790225471
2979 -4.9538096042146
2980 -2.56419301421766
2981 -1.25370319449846
2982 -2.41767441622549
2983 -4.00022404793045
2984 -5.3321900066758
2985 0
2986 -4.35364165333931
2987 -1.94240779353784
2988 -2.41767441622549
2989 -1.25370319449846
2990 -5.68829936785435
2991 0
2992 -3.56745386340913
2993 -2.41767441622549
2994 -2.94809927043191
2995 -5.09893179840806
2996 -3.30442422394211
2997 -4.70598774689326
2998 -2.86821983888796
2999 -5.71520464723771
3000 -2.41767441622549
3001 -4.53312964164724
3002 -3.21988584877643
3003 -5.13190713434819
3004 -2.07130316662238
3005 0.056384072162739
3006 -5.74916302469157
3007 -5.55981197875183
3008 -0.548226322822446
3009 -5.86332121897981
3010 -5.34866231874994
3011 -5.2193362015884
3012 -1.2597290448076
3013 -5.58161404354211
3014 -4.43223063130414
3015 -5.63500731342971
3016 -1.56340788190618
3017 -4.7090411509824
3018 -5.44796163842887
3019 -4.41529586303378
3020 -5.49341669757701
3021 -4.53077341375252
3022 -4.99981394344427
3023 -5.72397733027274
3024 -4.46079784105634
3025 -5.89238020526224
3026 -4.43223063130414
3027 -4.99391790225471
3028 -4.04188758791175
3029 -3.74647189548066
3030 -1.68692335441353
3031 -4.86788446993437
3032 -4.53077341375252
3033 -3.91762746996379
3034 0.789896242449942
3035 -3.4657272013135
3036 -2.25303327411909
3037 -3.54813195751403
3038 -3.10869002314556
3039 -4.56964851301122
3040 -0.856976268515568
3041 -4.04188758791175
3042 -4.06563663437649
3043 1.44328090015177
3044 -4.06563663437649
3045 -2.93920841608593
3046 -5.12338497346887
3047 -5.72397733027274
3048 -4.66372941122155
3049 -5.34866231874994
3050 -5.89238020526224
3051 -5.33144613801628
3052 -2.12493976957143
3053 -5.24527447968368
3054 -4.35364165333931
3055 -3.96046741929558
3056 -5.51873506406747
3057 -5.20141384014947
3058 -4.24919308000309
3059 -3.95001853655049
3060 0
3061 -2.41767441622549
3062 0
3063 -2.41767441622549
3064 0
3065 0
3066 -2.41767441622549
3067 0
3068 -2.41767441622549
3069 0
3070 -2.41767441622549
3071 -2.58705810615828
3072 -3.73651895820591
3073 -3.73651895820591
3074 -2.58705810615828
3075 -1.86425999062971
3076 -5.46268172799623
3077 -3.96046741929558
3078 -1.10697892860077
3079 -5.33144613801628
3080 -1.94774455534119
3081 -4.09412648318262
3082 -5.9134901411939
3083 0
3084 0
3085 -4.09412648318262
3086 -5.5526214501926
3087 -5.87456152538852
3088 -5.5526214501926
3089 -5.87456152538852
3090 -5.9134901411939
3091 -5.46268172799623
3092 -4.35364165333931
3093 -5.68488764519682
3094 -5.68488764519682
3095 -2.52293435719208
3096 -1.94774455534119
3097 -2.8436734780826
3098 -4.24919308000309
3099 -4.37511771896471
3100 -2.8436734780826
3101 -2.12493976957143
3102 -2.8436734780826
3103 -4.99391790225471
3104 -5.46711451102537
3105 -2.12493976957143
3106 -2.12493976957143
3107 -0.9062535993932
3108 -2.60677563632347
3109 -4.83509036854653
3110 -1.37009307934141
3111 -1.94276790818605
3112 -5.26033545030067
3113 -2.8436734780826
3114 -4.82095024796392
3115 -5.17756506621598
3116 -2.61601776531199
3117 -2.93920841608593
3118 -5.29513633911593
3119 -5.03502721172043
3120 0
3121 -4.2822164990268
3122 -5.3321900066758
3123 -4.46586080234506
3124 -5.77461576111785
3125 -2.07130316662238
3126 -1.25370319449846
3127 -1.25370319449846
3128 -1.25370319449846
3129 -3.65707281993044
3130 -0.0677370876183971
3131 -1.94774455534119
3132 -1.94774455534119
3133 -4.99391790225471
3134 -4.99391790225471
3135 -4.99391790225471
3136 -2.93920841608593
3137 -2.93920841608593
3138 -2.93920841608593
3139 -2.93920841608593
3140 -2.8436734780826
3141 -1.94774455534119
3142 -2.93920841608593
3143 -3.10939536801693
3144 -0.856976268515568
3145 -4.86788446993437
3146 -5.55981197875183
3147 -2.93920841608593
3148 -2.93920841608593
3149 -2.93920841608593
3150 -1.94774455534119
3151 -2.8436734780826
3152 -5.80464816492777
3153 -4.69837076075574
3154 -2.62266468701784
3155 -1.94774455534119
3156 -4.80495345880572
3157 0
3158 -2.69874131345847
3159 -3.10939536801693
3160 -4.66372941122155
3161 -5.33144613801628
3162 -5.89238020526224
3163 -5.89238020526224
3164 -1.48294260056782
3165 -5.26502171940993
3166 -2.41767441622549
3167 2.22264621981402
3168 -4.01823831682758
3169 -3.10939536801693
3170 -5.09341656650037
3171 -0.856976268515568
3172 -4.9094109068963
3173 -5.39563012344095
3174 -5.55981197875183
3175 -2.93920841608593
3176 -1.94774455534119
3177 -2.41767441622549
3178 -2.93920841608593
3179 -5.58169293855467
3180 -5.58169293855467
3181 -5.58169293855467
3182 -5.58169293855467
3183 -4.46586080234506
3184 -4.5983332876367
3185 -4.46586080234506
3186 -4.46586080234506
3187 -4.46586080234506
3188 -2.93920841608593
3189 -5.46711451102537
3190 -2.52451080745134
3191 -0.855280549775182
3192 -2.07130316662238
3193 -5.77461576111785
3194 -2.07130316662238
3195 -4.16616176682942
3196 -4.88282595857562
3197 -2.0052120245905
3198 -4.61847210473181
3199 -5.16722797956025
3200 -5.9134901411939
3201 -4.80495345880572
3202 -1.94240779353784
3203 -1.94240779353784
3204 -4.99981394344427
3205 0
3206 -5.58169293855467
3207 -4.46586080234506
3208 -3.91217955705235
3209 -3.91217955705235
3210 -3.96046741929558
3211 -5.63266823888178
3212 0
3213 -3.91217955705235
3214 -2.41767441622549
3215 0
3216 -3.91217955705235
3217 -2.41767441622549
3218 0
3219 -3.91217955705235
3220 -2.41767441622549
3221 0
3222 -5.55981197875183
3223 -5.55981197875183
3224 -4.79651376775276
3225 -2.56419301421766
3226 -2.93920841608593
3227 -2.41767441622549
3228 0
3229 -2.93920841608593
3230 -1.94774455534119
3231 -2.8436734780826
3232 -1.94774455534119
3233 -5.46711451102537
3234 -5.12338497346887
3235 -4.52226763324504
3236 -0.855280549775182
3237 -5.68713621047368
3238 -5.77461576111785
3239 -2.07130316662238
3240 -3.74647189548066
3241 -5.42986879133489
3242 -0.856976268515568
3243 -0.856976268515568
3244 -0.856976268515568
3245 -2.93920841608593
3246 -4.46586080234506
3247 -2.93920841608593
3248 -2.93920841608593
3249 -4.46586080234506
3250 -4.46586080234506
3251 -5.100571616628
3252 -4.764880483645
3253 -5.100571616628
3254 -4.73339325235649
3255 -5.85720064583384
3256 -5.05685902069601
3257 -5.82072240615726
3258 -5.69877119439338
3259 -5.32777770058527
3260 -5.51018423245836
3261 1.59658182379414
3262 -3.68426513967658
3263 -5.91334445387793
3264 0.631399001170852
3265 -2.6981993200552
3266 -3.46641205328703
3267 -3.10247557023433
3268 -2.98639348139483
3269 -5.10933026281373
3270 -2.61421921784934
3271 -4.12848413596312
3272 -5.61583435265491
3273 -5.44484017421552
3274 -3.64091941001966
3275 -5.66467815119476
3276 -3.83446624675214
3277 -4.85569987877979
3278 -5.47856367445792
3279 -5.64844106035443
3280 -3.90357533237466
3281 -5.25407564376774
3282 -3.3720687090784
3283 -4.20322993027802
3284 -5.32371780026159
3285 -5.5083964852726
3286 -3.3030361925834
3287 -5.04373637854804
3288 -4.89904054109913
3289 -5.22596095389864
3290 -5.65801154577501
3291 -4.98951659457949
3292 -3.62788984274263
3293 -3.6218745568258
3294 -3.50876790466546
3295 -5.17760287972426
3296 -0.0838022947646557
3297 -1.69843367019306
3298 -4.88830678723419
3299 -4.63273880882673
3300 -5.82931071873215
3301 -3.87144776534454
3302 -2.06590845712146
3303 -4.67031327764582
3304 -5.05889911797483
3305 -1.60909832075635
3306 -5.16135500231432
3307 -3.83119638440087
3308 -4.84538530889857
3309 -5.30459327263534
3310 1.85849262295088
3311 -5.65234310857765
3312 -0.720664510038527
3313 -4.68077672847992
3314 -5.72641852030187
